Grand Theft Auto V, Opencritic chart, [100, 100, 100, 100, 100, 100, 100, 100, 100, 100, 100, 100, 100, 100, 100, 100, 100, 100, 99, 98, 98, 98, 98, 97, 96, 95, 95, 95, 95, 95, 95, 93, 92, 92, 90, 90, 90, 90, 90, 90, 90, 90, 90, 90, 90, 90, 90, 86, 70] 
Divinity: Original Sin 2, Opencritic chart, [100, 100, 100, 95, 95, 95, 95, 93, 92, 90, 90, 90, 90, 90, 90, 90, 90, 90, 90, 89, 87, 86, 86, 85, 85, 82, 80, 80, 80, 78, 74, 71, 70, 70, 68, 60, 60] 
Undertale, Opencritic chart, [100, 100, 100, 100, 100, 100, 100, 100, 100, 100, 100, 100, 100, 100, 100, 100, 98, 97, 95, 95, 95, 95, 95, 95, 95, 95, 91, 90, 90, 90, 90, 90, 90, 90, 90, 90, 90, 90, 90, 90, 90, 90, 87, 87, 80, 80, 65, 65] 
Resident Evil 2, Opencritic chart, [100, 100, 100, 100, 100, 100, 100, 100, 100, 100, 100, 100, 100, 100, 100, 100, 100, 100, 100, 100, 100, 100, 100, 100, 100, 98, 98, 98, 100, 97, 96, 96, 96, 95, 95, 95, 95, 95, 95, 95, 95, 95, 95, 95, 95, 95, 95, 95, 95, 95, 95, 95, 95, 95, 95, 94, 94, 94, 93, 92, 92, 92, 90, 90, 90, 90, 90, 90, 90, 90, 90, 90, 90, 90, 90, 90, 90, 90, 90, 90, 90, 90, 90, 90, 90, 90, 90, 90, 90, 90, 90, 90, 90, 90, 90, 90, 90, 90, 90, 90, 90, 90, 90, 89, 89, 89, 87, 86, 85, 85, 85, 85, 85, 85, 84, 84, 80, 80, 80, 80, 80, 80, 80, 76] 
Forza Horizon 4, Opencritic chart, [100, 100, 100, 100, 100, 100, 100, 100, 100, 100, 100, 100, 100, 100, 100, 99, 100, 98, 98, 97, 97, 97, 97, 96, 96, 96, 95, 95, 95, 95, 95, 95, 95, 95, 95, 95, 95, 95, 95, 95, 95, 95, 94, 94, 93, 92, 92, 90, 90, 90, 90, 90, 90, 90, 90, 90, 90, 90, 90, 90, 90, 90, 90, 90, 90, 90, 90, 90, 90, 90, 90, 90, 90, 90, 90, 90, 90, 90, 90, 90, 90, 90, 89, 89, 88, 88, 85, 85, 85, 80, 80, 80, 80, 80, 80, 75, 70] 
The Witcher 3: Wild Hunt - Blood and Wine, Opencritic chart, [100, 100, 100, 100, 100, 98, 97, 96, 95, 95, 95, 95, 95, 95, 95, 95, 95, 94, 94, 93, 93, 92, 90, 90, 90, 90, 90, 90, 90, 90, 90, 90, 90, 90, 90, 85, 80, 80, 80, 75] 
The Witcher 3: Wild Hunt, Opencritic chart, [100, 100, 100, 100, 100, 100, 100, 100, 100, 100, 100, 100, 100, 100, 100, 100, 100, 98, 98, 98, 98, 97, 96, 96, 96, 96, 95, 95, 95, 95, 95, 95, 95, 95, 95, 95, 94, 93, 93, 92, 92, 92, 91, 90, 90, 90, 90, 90, 90, 90, 90, 90, 90, 90, 90, 90, 90, 90, 90, 90, 90, 90, 90, 90, 90, 88, 88, 88, 87, 86, 85, 85, 85, 80, 80, 80, 40] 
Celeste, Opencritic chart, [100, 100, 100, 100, 100, 100, 100, 100, 100, 100, 100, 100, 100, 100, 100, 95, 95, 95, 95, 95, 93, 93, 93, 93, 92, 90, 90, 90, 90, 90, 90, 90, 90, 90, 90, 90, 89, 86, 85, 85, 85, 85, 80, 80, 80, 80, 80] 
Metal Gear Solid V: The Phantom Pain, Opencritic chart, [100, 100, 100, 100, 100, 100, 100, 100, 100, 98, 98, 97, 95, 95, 95, 95, 95, 95, 95, 94, 90, 93, 93, 93, 92, 90, 90, 90, 90, 90, 90, 90, 90, 90, 90, 90, 90, 90, 90, 90, 90, 90, 90, 90, 89, 88, 88, 86, 90, 85, 80, 80, 80, 80, 80, 80, 80, 50] 
Mark of the Ninja: Remastered, Opencritic chart, [90, 90, 90, 90, 86, 80] 
NieR: Automata Game of the YoRHa Edition, Opencritic chart, [97, 95, 95, 95, 90, 80, 80] 
Divinity: Original Sin 2 – Definitive Edition, Opencritic chart, [100, 100, 100, 100, 100, 100, 100, 100, 100, 96, 96, 96, 95, 95, 95, 95, 95, 95, 94, 94, 90, 90, 90, 90, 90, 90, 90, 90, 90, 90, 90, 90, 89, 88, 86, 87, 85, 85, 85, 85, 85, 80] 
Overwatch, Opencritic chart, [100, 100, 100, 100, 100, 100, 100, 100, 100, 100, 100, 100, 100, 98, 98, 98, 96, 95, 95, 95, 95, 95, 95, 95, 95, 95, 95, 100, 95, 95, 94, 93, 92, 90, 90, 90, 90, 90, 90, 90, 90, 90, 90, 90, 90, 90, 90, 90, 90, 90, 90, 90, 90, 90, 90, 90, 90, 90, 90, 90, 90, 90, 88, 85, 85, 85, 81, 80, 80, 80, 80, 80, 79, 75, 70, 70, 70] 
INSIDE, Opencritic chart, [100, 100, 100, 100, 100, 100, 100, 100, 100, 100, 100, 100, 100, 100, 100, 100, 100, 100, 100, 100, 98, 98, 98, 98, 95, 95, 95, 95, 95, 95, 95, 95, 95, 95, 95, 95, 95, 94, 93, 93, 93, 92, 92, 90, 90, 90, 90, 90, 90, 90, 90, 90, 90, 90, 90, 90, 90, 90, 90, 90, 90, 90, 90, 90, 90, 90, 90, 90, 90, 90, 90, 90, 90, 90, 90, 90, 88, 88, 88, 86, 85, 85, 85, 85, 83, 83, 83, 80, 80, 80, 80, 80, 80, 80, 80, 80, 80, 80, 80, 80, 78, 76, 75, 75, 70, 70] 
Slay The Spire, Opencritic chart, [100, 95, 95, 95, 95, 93, 92, 90, 90, 90, 90, 90, 90, 90, 90, 90, 89, 86, 85, 85, 85, 80] 
Rayman Legends, Opencritic chart, [100, 100, 100, 100, 98, 95, 100, 92, 92, 90, 90, 90, 90, 90, 90, 90, 90, 90, 90, 90, 90, 90, 88, 85, 80] 
Hollow Knight, Opencritic chart, [100, 100, 100, 100, 100, 100, 98, 95, 94, 94, 93, 92, 92, 90, 90, 90, 90, 90, 90, 90, 90, 90, 90, 90, 90, 90, 90, 86, 86, 86, 85, 85, 82, 82, 82, 81, 80, 80, 80, 80, 80, 80] 
Out of the Park Baseball 16, Opencritic chart, [95, 95, 85, 85, 80] 
Forza Horizon 3, Opencritic chart, [100, 100, 100, 100, 100, 100, 100, 100, 100, 100, 99, 99, 98, 98, 96, 96, 95, 95, 95, 95, 95, 95, 95, 95, 95, 95, 95, 95, 94, 94, 94, 93, 93, 92, 92, 92, 92, 90, 90, 90, 90, 90, 90, 90, 90, 90, 90, 90, 90, 90, 90, 90, 90, 90, 90, 90, 90, 90, 90, 90, 90, 90, 90, 89, 89, 89, 88, 86, 85, 85, 80, 80, 80, 80, 80, 75, 75] 
DoDonPachi Resurrection, Opencritic chart, [90, 90, 80] 
DUSK, Opencritic chart, [100, 100, 100, 95, 95, 92, 90, 90, 90, 90, 89, 88, 85, 80, 70] 
Return of the Obra Dinn, Opencritic chart, [100, 100, 100, 95, 95, 92, 92, 90, 90, 90, 90, 90, 90, 90, 90, 90, 89, 88, 86, 86, 85, 85, 80, 80, 74] 
Sekiro: Shadows Die Twice, Opencritic chart, [100, 100, 100, 100, 100, 100, 100, 99, 97, 97, 97, 97, 96, 95, 95, 95, 95, 95, 95, 95, 95, 95, 95, 95, 95, 95, 95, 95, 95, 95, 95, 95, 95, 95, 95, 94, 94, 93, 93, 93, 93, 92, 92, 92, 92, 90, 90, 90, 90, 90, 90, 90, 90, 90, 90, 90, 90, 90, 90, 90, 90, 90, 90, 90, 90, 90, 90, 90, 90, 90, 90, 90, 90, 90, 90, 90, 90, 90, 90, 90, 90, 90, 90, 90, 90, 90, 90, 90, 90, 90, 90, 90, 90, 89, 89, 88, 90, 88, 86, 85, 85, 85, 85, 85, 85, 85, 80, 80, 80, 80, 80, 78, 77] 
Kentucky Route Zero: Act IV, Opencritic chart, [100, 93, 90, 85, 81] 
Stardew Valley, Opencritic chart, [100, 100, 100, 97, 96, 95, 95, 95, 95, 95, 95, 95, 92, 92, 92, 91, 90, 90, 90, 90, 90, 90, 90, 90, 90, 90, 90, 90, 90, 90, 90, 90, 90, 90, 88, 86, 85, 85, 82, 80, 80, 80, 80, 73] 
Sid Meier's Civilization VI, Opencritic chart, [100, 100, 100, 100, 98, 97, 95, 95, 100, 95, 95, 95, 95, 95, 95, 94, 94, 94, 93, 92, 90, 90, 90, 90, 90, 90, 90, 90, 90, 90, 90, 90, 90, 90, 90, 90, 90, 90, 90, 90, 90, 89, 89, 88, 85, 85, 85, 85, 85, 83, 80, 80, 80, 80, 80, 80, 75, 75, 75, 75, 70, 60] 
Paradigm, Opencritic chart, [95, 92, 90, 90, 80, 80] 
The Witcher 3: Wild Hunt - Hearts of Stone, Opencritic chart, [100, 100, 96, 95, 95, 95, 95, 93, 90, 90, 90, 90, 90, 90, 90, 90, 90, 90, 90, 90, 90, 90, 89, 88, 85, 85, 82, 80, 80, 80, 80, 80] 
Monster Hunter World, Opencritic chart, [100, 100, 100, 100, 100, 98, 98, 98, 97, 96, 96, 95, 95, 95, 95, 95, 95, 95, 95, 95, 95, 95, 95, 95, 95, 95, 95, 95, 95, 95, 95, 95, 94, 94, 93, 92, 90, 90, 90, 90, 90, 90, 90, 90, 90, 90, 90, 90, 90, 90, 90, 90, 90, 90, 90, 90, 90, 90, 90, 90, 90, 90, 90, 90, 90, 90, 90, 90, 90, 90, 90, 90, 90, 90, 90, 90, 90, 90, 90, 90, 90, 90, 90, 90, 90, 90, 90, 90, 90, 90, 90, 90, 90, 90, 89, 89, 88, 88, 88, 88, 88, 87, 86, 86, 86, 85, 85, 85, 85, 85, 85, 85, 85, 85, 82, 82, 80, 80, 80, 80, 80, 80, 80, 80, 80, 80, 80, 80, 76, 75, 75] 
Nier: Automata, Opencritic chart, [100, 100, 100, 100, 100, 100, 100, 100, 100, 100, 98, 98, 97, 95, 95, 95, 95, 95, 95, 95, 95, 93, 93, 93, 92, 92, 92, 92, 92, 90, 90, 90, 90, 90, 90, 90, 90, 90, 90, 90, 90, 90, 90, 90, 90, 90, 90, 90, 90, 90, 90, 90, 90, 90, 90, 90, 90, 90, 90, 90, 90, 90, 90, 90, 90, 90, 90, 90, 90, 90, 90, 90, 90, 90, 90, 90, 90, 89, 89, 88, 90, 88, 88, 88, 86, 87, 90, 86, 87, 85, 85, 85, 85, 84, 82, 80, 80, 80, 80, 80, 80, 80, 80, 80, 80, 79, 78, 78, 77, 70, 70, 70, 50] 
Rez Infinite, Opencritic chart, [100, 95, 95, 95, 90, 90, 90, 90, 90, 90, 90, 90, 90, 90, 88, 85, 85, 85, 83, 82, 80, 80, 80, 70] 
Guacamelee! Super Turbo Championship Edition, Opencritic chart, [100, 100, 95, 95, 94, 92, 90, 90, 90, 90, 90, 90, 90, 90, 90, 90, 90, 90, 90, 90, 90, 90, 90, 90, 90, 88, 85, 85, 85, 80, 80, 80] 
Tales from the Borderlands: Episode Five - The Vault of the Traveler, Opencritic chart, [100, 98, 95, 95, 95, 90, 90, 90, 90, 90, 90, 90, 90, 90, 90, 90, 90, 90, 86, 84, 80, 80, 73] 
Ori and the Blind Forest, Opencritic chart, [100, 100, 100, 100, 98, 95, 95, 95, 95, 95, 95, 95, 95, 95, 90, 91, 91, 90, 90, 90, 90, 90, 90, 90, 90, 90, 90, 90, 90, 90, 90, 90, 90, 90, 90, 90, 90, 90, 90, 90, 88, 87, 86, 85, 85, 83, 81, 80, 80, 80, 80, 80, 80, 70] 
Pillars of Eternity, Opencritic chart, [100, 100, 100, 95, 95, 93, 93, 92, 92, 90, 90, 90, 90, 90, 90, 90, 90, 90, 90, 90, 90, 90, 90, 90, 90, 90, 88, 88, 86, 85, 85, 85, 85, 85, 84, 80, 80, 80, 80, 80, 80, 80, 80, 75] 
Dragon Quest XI: Echoes of an Elusive Age, Opencritic chart, [100, 100, 100, 100, 100, 100, 100, 100, 100, 100, 100, 95, 95, 95, 95, 95, 95, 95, 95, 95, 95, 95, 94, 94, 94, 92, 92, 90, 90, 90, 90, 90, 90, 90, 90, 90, 90, 90, 90, 90, 90, 90, 90, 90, 90, 89, 89, 89, 88, 88, 86, 85, 85, 85, 85, 85, 85, 85, 84, 84, 83, 82, 80, 80, 80, 80, 80, 80, 80, 80, 80, 80, 80, 80, 80, 80, 75, 71, 70, 70, 68, 65, 60, 40] 
Tales from the Borderlands - Season One, Opencritic chart, [95, 95, 90, 90, 90, 90, 90, 90, 90, 90, 89, 86, 85, 85, 84, 83, 80, 80, 80, 80] 
Dead Cells, Opencritic chart, [100, 100, 100, 100, 100, 100, 98, 95, 95, 95, 95, 95, 95, 95, 95, 95, 95, 95, 95, 95, 95, 95, 95, 95, 95, 95, 95, 95, 95, 93, 93, 92, 92, 90, 91, 90, 90, 90, 90, 90, 90, 90, 90, 90, 90, 90, 90, 90, 90, 90, 90, 90, 90, 90, 90, 90, 90, 90, 90, 90, 90, 90, 90, 90, 90, 90, 90, 90, 90, 90, 90, 90, 90, 90, 89, 89, 89, 88, 86, 85, 85, 85, 85, 85, 85, 84, 83, 80, 80, 80, 80, 80, 80, 80, 80, 80, 80, 80, 80, 80, 80, 80, 78, 70, 70, 70, 70, 70] 
Pillars of Eternity II: Deadfire, Opencritic chart, [100, 100, 98, 95, 95, 95, 95, 95, 95, 95, 95, 95, 93, 92, 92, 92, 92, 90, 90, 90, 90, 90, 90, 90, 90, 90, 90, 90, 90, 90, 90, 90, 90, 90, 90, 89, 88, 88, 88, 86, 85, 85, 85, 85, 85, 85, 85, 85, 80, 80, 80, 80, 80, 80, 80, 80, 80, 80, 76, 76, 74, 70] 
Devil May Cry 5, Opencritic chart, [100, 100, 100, 100, 100, 100, 100, 100, 100, 100, 98, 98, 97, 96, 95, 95, 95, 95, 95, 95, 95, 95, 95, 95, 95, 95, 95, 95, 94, 93, 93, 93, 93, 93, 93, 93, 92, 92, 92, 91, 90, 90, 90, 90, 90, 90, 90, 90, 90, 90, 90, 90, 90, 90, 90, 90, 90, 90, 90, 90, 90, 90, 90, 90, 90, 90, 90, 90, 90, 90, 90, 90, 90, 90, 90, 90, 90, 90, 90, 90, 90, 90, 90, 90, 90, 90, 90, 90, 90, 90, 90, 90, 89, 88, 88, 88, 88, 87, 86, 86, 85, 85, 85, 85, 85, 85, 85, 83, 83, 82, 80, 80, 80, 80, 80, 80, 80, 80, 80, 80, 80, 80, 80, 80, 80, 80, 78, 78, 78, 75, 73, 70, 70, 70, 70, 60] 
Dark Souls III, Opencritic chart, [100, 100, 100, 100, 100, 100, 95, 95, 95, 95, 95, 95, 95, 100, 95, 94, 93, 93, 93, 93, 92, 92, 90, 90, 90, 90, 90, 90, 90, 90, 90, 90, 90, 90, 90, 90, 90, 90, 90, 90, 90, 90, 90, 90, 90, 90, 90, 90, 90, 90, 90, 90, 90, 90, 90, 90, 90, 90, 90, 89, 89, 89, 88, 88, 88, 88, 86, 86, 85, 85, 85, 85, 85, 85, 85, 85, 85, 83, 80, 80, 80, 80, 80, 80, 80, 80, 80, 80, 80, 80, 80, 80, 70, 70, 70, 70] 
Into The Breach, Opencritic chart, [100, 100, 100, 95, 95, 95, 95, 93, 93, 92, 91, 90, 91, 90, 90, 90, 90, 90, 90, 90, 90, 90, 90, 90, 90, 90, 90, 90, 90, 90, 90, 90, 90, 90, 90, 90, 88, 86, 85, 85, 85, 82, 80, 80, 80, 80, 80, 75, 70, 70, 70, 65] 
Shovel Knight, Opencritic chart, [100, 100, 100, 100, 95, 95, 95, 95, 95, 95, 95, 95, 95, 94, 94, 93, 93, 92, 90, 90, 90, 90, 90, 90, 90, 90, 90, 90, 90, 90, 90, 90, 90, 88, 84, 81, 80, 80, 80, 75, 70, 70, 70, 68, 65] 
Owlboy, Opencritic chart, [100, 100, 100, 100, 100, 98, 95, 95, 95, 95, 95, 95, 95, 95, 93, 92, 90, 90, 90, 90, 90, 90, 90, 90, 90, 90, 90, 90, 90, 90, 90, 90, 90, 90, 90, 90, 90, 90, 90, 90, 90, 87, 86, 86, 86, 86, 85, 85, 85, 85, 85, 85, 85, 85, 84, 83, 83, 82, 82, 80, 80, 80, 80, 80, 80, 80, 80, 80, 80, 80, 80, 75, 70, 70] 
The Binding of Isaac: Rebirth, Opencritic chart, [100, 93, 90, 90, 90, 90, 90, 90, 89, 80, 80, 80, 80, 80] 
Cave Story+, Opencritic chart, [90, 90, 90, 90, 90, 90, 90, 85, 85, 81, 80] 
Stephen's Sausage Roll, Opencritic chart, [100, 90, 80, 80, 80] 
Cuphead, Opencritic chart, [100, 100, 100, 100, 100, 100, 100, 100, 100, 98, 95, 95, 95, 95, 95, 95, 95, 95, 95, 95, 95, 95, 94, 93, 93, 92, 92, 92, 90, 90, 90, 90, 90, 90, 90, 90, 90, 90, 90, 90, 90, 90, 90, 90, 90, 90, 90, 90, 90, 90, 90, 90, 90, 90, 90, 90, 90, 90, 90, 90, 90, 90, 90, 90, 90, 90, 90, 90, 90, 90, 90, 90, 90, 90, 89, 88, 88, 86, 86, 86, 86, 86, 85, 85, 85, 85, 85, 85, 85, 85, 85, 85, 85, 85, 90, 83, 83, 82, 80, 80, 80, 80, 80, 80, 80, 80, 80, 80, 80, 80, 80, 80, 80, 80, 80, 80, 75, 72, 70, 70, 60, 60, 60] 
XCOM 2: War of the Chosen, Opencritic chart, [100, 95, 93, 90, 90, 90, 90, 90, 90, 90, 90, 90, 88, 85, 85, 84, 80, 80, 80, 80, 80, 75] 
What Remains of Edith Finch, Opencritic chart, [100, 100, 100, 100, 100, 100, 100, 100, 100, 100, 100, 100, 95, 95, 95, 95, 95, 95, 93, 93, 91, 90, 90, 90, 90, 90, 90, 90, 90, 90, 90, 90, 90, 90, 90, 90, 90, 90, 90, 90, 90, 90, 90, 90, 90, 90, 90, 90, 90, 90, 90, 90, 90, 88, 88, 87, 86, 85, 85, 85, 85, 90, 90, 85, 83, 80, 80, 80, 80, 80, 80, 79, 75, 75, 70, 70, 70, 60] 
World of Warcraft: Legion, Opencritic chart, [98, 95, 95, 95, 95, 95, 90, 90, 90, 90, 90, 90, 90, 90, 90, 90, 90, 90, 90, 90, 90, 90, 90, 90, 86, 85, 85, 85, 85, 85, 85, 85, 80, 80] 
SteamWorld Dig 2, Opencritic chart, [100, 100, 100, 97, 95, 95, 95, 95, 95, 93, 93, 93, 90, 91, 90, 90, 90, 90, 90, 90, 90, 90, 90, 90, 90, 90, 90, 90, 90, 90, 90, 90, 90, 90, 90, 90, 90, 90, 90, 90, 90, 90, 90, 90, 89, 89, 88, 88, 88, 87, 86, 85, 85, 85, 85, 85, 80, 80, 80, 80, 80, 80, 80, 80, 75, 75, 75, 71] 
Bastion, Opencritic chart, [100, 100, 95, 92, 90, 90, 90, 90, 90, 90, 90, 88, 80, 80, 80, 80, 80, 80, 70] 
Final Fantasy XIV: Stormblood, Opencritic chart, [95, 95, 95, 92, 92, 90, 90, 90, 90, 90, 90, 90, 90, 90, 90, 90, 90, 90, 88, 85, 85, 82, 80, 80, 80, 80, 75] 
Okami HD, Opencritic chart, [100, 100, 100, 99, 96, 96, 95, 95, 95, 95, 95, 95, 95, 95, 94, 93, 90, 90, 90, 90, 90, 90, 90, 90, 90, 90, 90, 90, 90, 90, 90, 90, 90, 90, 90, 90, 90, 90, 90, 90, 90, 89, 89, 89, 89, 88, 86, 86, 85, 85, 85, 85, 85, 85, 85, 83, 83, 82, 80, 80, 80, 80, 80, 80, 80, 80, 80, 80, 78, 75, 70, 70, 65] 
Hearthstone: Heroes of Warcraft, Opencritic chart, [100, 100, 100, 95, 90, 90, 90, 90, 90, 90, 86, 86, 85, 80, 80, 80, 80, 80, 79, 70] 
Outer Wilds, Opencritic chart, [91, 90, 89, 86, 85, 85, 85, 84, 80, 80, 78, 70] 
Dragon Age: Inquisition, Opencritic chart, [100, 100, 100, 100, 98, 96, 95, 95, 95, 95, 95, 95, 95, 95, 95, 92, 92, 90, 90, 90, 90, 90, 90, 90, 90, 90, 90, 90, 90, 90, 90, 90, 90, 90, 90, 90, 88, 88, 88, 88, 88, 88, 87, 87, 87, 86, 85, 85, 85, 85, 85, 84, 80, 80, 80, 80, 80, 80, 80, 80, 76, 75, 60, 60] 
The Legend of Heroes: Trails in the Sky, Opencritic chart, [100, 90, 90, 85, 80, 80] 
Divinity: Original Sin - Enhanced Edition, Opencritic chart, [100, 96, 95, 92, 92, 90, 90, 90, 90, 90, 90, 90, 90, 90, 90, 90, 90, 90, 90, 90, 88, 85, 82, 80, 80, 80, 80, 75, 75, 73] 
Just Shapes & Beats, Opencritic chart, [92, 90, 90, 90, 90, 90, 90, 90, 90, 90, 90, 90, 85, 85, 85, 80, 80, 80] 
NBA 2K17, Opencritic chart, [96, 95, 95, 95, 93, 93, 93, 90, 90, 90, 90, 90, 90, 90, 90, 90, 90, 90, 89, 89, 86, 86, 85, 85, 85, 85, 85, 85, 85, 80, 80, 80, 80, 80, 80, 76, 75, 71] 
Crypt of the Necrodancer, Opencritic chart, [100, 100, 100, 95, 95, 95, 92, 90, 90, 90, 90, 90, 90, 90, 90, 90, 90, 90, 90, 88, 87, 87, 87, 86, 85, 85, 83, 80, 80, 80, 80, 80, 80, 80, 70] 
StarCraft II: Legacy of the Void, Opencritic chart, [95, 95, 95, 92, 92, 91, 90, 90, 90, 90, 90, 90, 90, 90, 90, 90, 90, 90, 89, 88, 88, 85, 85, 85, 85, 84, 83, 82, 80, 80, 80, 80, 78, 75] 
Street Fighter V: Arcade Edition, Opencritic chart, [94, 92, 90, 90, 90, 90, 90, 90, 90, 90, 90, 90, 90, 90, 90, 90, 90, 90, 90, 90, 90, 90, 88, 88, 85, 85, 85, 85, 85, 85, 82, 80, 80, 80, 75, 70, 60] 
Fallout 4, Opencritic chart, [100, 100, 100, 100, 100, 98, 96, 96, 95, 95, 95, 95, 95, 95, 95, 94, 94, 94, 93, 92, 90, 90, 90, 90, 90, 90, 90, 90, 90, 90, 90, 90, 90, 90, 90, 90, 90, 90, 90, 90, 90, 90, 90, 90, 90, 90, 90, 90, 90, 90, 90, 88, 88, 90, 86, 85, 85, 85, 85, 85, 85, 85, 85, 85, 85, 85, 85, 82, 80, 80, 80, 80, 80, 80, 80, 80, 80, 80, 80, 80, 80, 80, 80, 76, 75, 75, 75, 70, 68, 67] 
Battlefield 1, Opencritic chart, [100, 100, 100, 97, 95, 95, 95, 95, 95, 95, 95, 95, 94, 93, 93, 92, 92, 92, 92, 92, 90, 91, 91, 90, 90, 90, 90, 90, 90, 90, 90, 90, 90, 90, 90, 90, 90, 90, 90, 90, 90, 90, 90, 90, 90, 90, 90, 90, 90, 90, 90, 90, 90, 90, 90, 89, 88, 88, 86, 86, 87, 85, 85, 85, 85, 85, 85, 84, 80, 80, 80, 80, 80, 80, 80, 80, 80, 80, 80, 80, 80, 80, 80, 80, 77, 70, 70, 70, 70] 
Titanfall 2, Opencritic chart, [100, 100, 100, 96, 96, 96, 95, 95, 95, 95, 95, 95, 95, 95, 95, 95, 95, 95, 95, 95, 95, 92, 92, 91, 90, 90, 90, 90, 90, 90, 90, 90, 90, 90, 90, 90, 90, 90, 90, 90, 90, 90, 90, 90, 90, 90, 90, 90, 90, 90, 90, 90, 90, 90, 90, 90, 90, 90, 90, 90, 90, 89, 88, 86, 86, 86, 87, 85, 85, 85, 85, 85, 85, 85, 85, 85, 85, 85, 85, 85, 85, 84, 82, 82, 82, 80, 80, 80, 80, 80, 80, 80, 80, 76, 73, 70, 70, 70, 70, 70] 
XCOM 2, Opencritic chart, [100, 100, 100, 100, 96, 96, 96, 95, 95, 95, 95, 95, 94, 93, 93, 92, 90, 90, 90, 90, 90, 90, 90, 90, 90, 90, 90, 90, 90, 90, 90, 90, 90, 90, 90, 90, 90, 90, 90, 90, 90, 90, 90, 90, 90, 90, 90, 90, 89, 89, 88, 88, 88, 86, 86, 85, 85, 85, 85, 85, 85, 85, 90, 83, 83, 82, 80, 80, 80, 80, 80, 80, 80, 80, 80, 80, 80, 80, 80, 80, 80, 80, 76, 75, 75, 70, 70, 70, 70, 70, 70, 70, 60, 60] 
Diablo III: Reaper of Souls, Opencritic chart, [100, 96, 95, 95, 95, 93, 93, 90, 90, 90, 90, 90, 90, 90, 90, 90, 90, 90, 90, 90, 90, 90, 90, 90, 90, 90, 90, 90, 90, 89, 88, 87, 85, 85, 85, 85, 85, 85, 83, 83, 80, 80, 80, 80, 80, 80, 75, 74, 72, 70] 
Ni no Kuni 2: Revenant Kingdom, Opencritic chart, [100, 100, 100, 98, 97, 96, 95, 95, 95, 95, 95, 95, 95, 95, 95, 95, 95, 95, 95, 95, 95, 94, 93, 92, 90, 90, 90, 90, 90, 90, 90, 90, 90, 90, 90, 90, 90, 90, 90, 90, 90, 90, 90, 90, 90, 90, 90, 90, 90, 90, 90, 90, 90, 90, 89, 89, 89, 88, 88, 86, 86, 85, 85, 85, 85, 85, 85, 85, 85, 85, 85, 80, 83, 80, 80, 80, 80, 80, 80, 80, 80, 80, 80, 80, 80, 80, 80, 80, 80, 80, 80, 80, 80, 80, 80, 78, 75, 75, 75, 72, 70, 70, 70, 55] 
Sonic Mania, Opencritic chart, [100, 100, 100, 100, 100, 100, 100, 100, 100, 96, 95, 95, 95, 95, 95, 95, 95, 95, 94, 94, 93, 93, 93, 92, 90, 90, 90, 90, 90, 90, 90, 90, 90, 90, 90, 90, 90, 90, 90, 90, 90, 90, 90, 90, 90, 90, 90, 90, 90, 90, 90, 90, 90, 90, 90, 90, 90, 90, 86, 86, 86, 85, 90, 85, 85, 85, 85, 85, 85, 85, 85, 84, 84, 82, 82, 80, 80, 80, 80, 80, 80, 80, 80, 80, 80, 80, 80, 80, 80, 80, 80, 79, 70, 70, 70] 
Steins;Gate (Steam Edition), Opencritic chart, [91, 90, 90, 85, 85, 85, 84] 
Dynasty Warriors 8: Xtreme Legends Definitive Edition, Opencritic chart, [90, 90, 85, 85, 85, 80, 80, 80, 80, 75, 70, 50] 
Shovel Knight: Specter of Torment, Opencritic chart, [95, 95, 95, 95, 100, 95, 90, 90, 90, 90, 90, 90, 90, 90, 90, 89, 90, 86, 85, 85, 84, 82, 80, 80, 80, 80, 80] 
Homeworld Remastered Collection, Opencritic chart, [100, 100, 92, 92, 90, 90, 90, 90, 90, 90, 90, 90, 90, 90, 90, 90, 90, 86, 85, 85, 85, 84, 80, 80, 80, 80, 80, 80, 80, 80] 
Dark Souls II: Scholar of the First Sin, Opencritic chart, [90, 90, 90, 90, 90, 90, 90, 90, 90, 90, 90, 88, 88, 85, 85, 85, 85, 84, 80, 80, 80, 78, 72, 70, 60] 
Rocket League, Opencritic chart, [100, 100, 95, 95, 95, 93, 93, 93, 93, 90, 90, 90, 90, 90, 90, 90, 90, 90, 90, 90, 90, 90, 90, 90, 90, 90, 90, 90, 90, 90, 90, 90, 90, 90, 90, 90, 90, 90, 90, 90, 89, 89, 88, 87, 86, 86, 86, 90, 85, 85, 85, 85, 85, 85, 85, 85, 85, 84, 82, 82, 80, 80, 80, 80, 80, 80, 80, 80, 80, 80, 80, 80, 80, 80, 74, 70, 70, 70, 70] 
The Talos Principle, Opencritic chart, [100, 100, 95, 95, 95, 95, 92, 90, 90, 90, 90, 90, 90, 90, 90, 90, 90, 90, 90, 90, 90, 90, 90, 90, 90, 85, 85, 85, 85, 85, 84, 83, 83, 83, 80, 80, 80, 77, 75, 73, 70, 60] 
BattleBlock Theater, Opencritic chart, [90, 90, 90, 86, 80, 80] 
Nuclear Throne, Opencritic chart, [95, 90, 90, 90, 90, 90, 90, 90, 90, 90, 90, 85, 83, 80, 80, 76, 75, 70] 
Wolfenstein 2: The New Colossus, Opencritic chart, [100, 100, 100, 98, 98, 95, 95, 95, 95, 95, 95, 95, 95, 94, 92, 92, 91, 90, 91, 90, 90, 90, 90, 90, 90, 90, 90, 90, 90, 90, 90, 90, 90, 90, 90, 90, 90, 90, 90, 90, 90, 90, 90, 90, 90, 90, 90, 90, 90, 90, 90, 90, 90, 90, 90, 90, 90, 90, 90, 90, 90, 90, 90, 90, 89, 90, 88, 88, 88, 88, 86, 86, 85, 85, 85, 85, 85, 85, 85, 85, 85, 85, 85, 85, 85, 85, 90, 85, 85, 85, 82, 82, 81, 81, 80, 80, 80, 80, 80, 80, 80, 80, 80, 80, 80, 80, 80, 80, 80, 80, 80, 80, 80, 80, 80, 80, 80, 80, 80, 80, 80, 80, 80, 80, 78, 70, 70, 70, 70, 60, 60] 
Rise Of The Tomb Raider: 20 Year Celebration, Opencritic chart, [100, 95, 95, 93, 92, 92, 90, 90, 90, 90, 90, 90, 90, 90, 86, 85, 85, 84, 80, 80, 80, 80, 70, 70] 
Final Fantasy XIV Online: A Realm Reborn, Opencritic chart, [95, 95, 90, 90, 90, 90, 90, 90, 90, 90, 90, 90, 90, 90, 86, 86, 86, 85, 85, 84, 80, 80, 80, 80, 80, 80, 80, 79, 75] 
The Binding of Isaac: Afterbirth, Opencritic chart, [100, 90, 90, 90, 90, 86, 85, 80, 80, 75, 70, 60, 60] 
Danganronpa: Trigger Happy Havoc (PC Edition), Opencritic chart, [100, 94, 90, 86, 85, 82, 80, 80, 80, 70] 
Yakuza 0, Opencritic chart, [100, 100, 100, 100, 100, 100, 95, 95, 95, 100, 95, 95, 94, 93, 90, 90, 90, 90, 90, 90, 90, 90, 90, 90, 90, 90, 90, 90, 90, 90, 90, 90, 90, 90, 90, 90, 90, 90, 90, 90, 90, 90, 90, 90, 90, 90, 90, 90, 90, 90, 90, 90, 90, 90, 90, 90, 88, 88, 86, 86, 86, 86, 85, 85, 85, 85, 85, 85, 85, 85, 85, 85, 85, 85, 85, 85, 85, 85, 83, 83, 83, 80, 80, 80, 80, 80, 80, 80, 80, 80, 80, 80, 80, 80, 80, 80, 80, 80, 80, 80, 80, 80, 78, 80, 70, 65, 60, 50] 
StarCraft Remastered, Opencritic chart, [100, 95, 95, 92, 90, 90, 90, 90, 90, 90, 90, 89, 85, 80, 80, 80, 80, 80, 80, 78, 74, 70] 
Guacamelee! 2, Opencritic chart, [100, 100, 98, 97, 95, 95, 95, 95, 100, 95, 95, 95, 95, 95, 95, 93, 93, 92, 90, 90, 90, 90, 90, 90, 90, 90, 90, 90, 90, 90, 90, 90, 90, 90, 90, 90, 90, 90, 90, 90, 90, 90, 90, 90, 90, 90, 90, 90, 90, 90, 90, 90, 90, 90, 90, 88, 88, 88, 87, 86, 86, 85, 85, 85, 85, 85, 85, 85, 84, 83, 82, 82, 80, 80, 80, 80, 80, 80, 80, 80, 80, 80, 80, 78, 76, 75, 74, 72, 70, 70, 70, 70, 70] 
Nex Machina, Opencritic chart, [97, 95, 95, 95, 95, 95, 95, 93, 93, 92, 90, 90, 90, 90, 90, 90, 90, 90, 90, 90, 90, 90, 90, 90, 90, 90, 90, 90, 90, 90, 90, 90, 90, 90, 90, 90, 89, 88, 87, 85, 85, 85, 85, 90, 85, 85, 85, 85, 83, 82, 80, 80, 80, 80, 80, 80, 80, 80, 80, 80, 80, 80, 80, 80, 77, 76, 75, 70, 70, 50] 
Apex Legends, Opencritic chart, [100, 100, 100, 95, 95, 95, 93, 93, 92, 90, 90, 90, 90, 90, 90, 90, 90, 90, 90, 90, 90, 90, 90, 90, 90, 90, 90, 89, 88, 85, 85, 85, 85, 85, 84, 82, 82, 80, 80, 80, 80, 70, 70, 70, 60] 
Resident Evil 7 Biohazard, Opencritic chart, [100, 100, 100, 100, 100, 100, 100, 95, 95, 95, 95, 95, 93, 92, 90, 90, 90, 90, 90, 90, 90, 90, 90, 90, 90, 90, 90, 90, 90, 90, 90, 90, 90, 90, 90, 90, 90, 90, 90, 90, 90, 90, 90, 90, 90, 90, 90, 90, 90, 90, 90, 90, 90, 90, 90, 90, 90, 90, 90, 90, 90, 90, 90, 89, 88, 88, 88, 88, 87, 86, 86, 85, 85, 85, 85, 85, 85, 85, 85, 85, 85, 85, 83, 82, 82, 80, 80, 80, 80, 80, 80, 80, 80, 80, 80, 80, 80, 80, 80, 80, 80, 80, 80, 80, 80, 80, 80, 80, 80, 79, 78, 78, 77, 75, 75, 75, 72, 71, 70] 
Far From Noise, Opencritic chart, [90, 90, 90, 80, 80, 80, 80, 78, 41] 
Bayonetta, Opencritic chart, [100, 93, 90, 90, 90, 90, 90, 90, 90, 90, 90, 90, 90, 90, 90, 90, 89, 86, 86, 85, 85, 85, 85, 85, 80, 80, 80, 80, 80, 80, 80, 80, 80, 80, 70] 
The Messenger, Opencritic chart, [100, 100, 100, 100, 100, 100, 95, 95, 95, 95, 95, 95, 90, 90, 90, 90, 90, 90, 90, 90, 90, 90, 90, 90, 90, 90, 90, 90, 90, 88, 88, 86, 86, 85, 85, 85, 83, 80, 80, 80, 80, 80, 80, 80, 80, 80, 80, 80, 80, 80, 80, 79, 75, 70, 70, 70, 70, 70] 
F1 2017, Opencritic chart, [95, 95, 93, 91, 90, 90, 90, 90, 90, 90, 90, 90, 90, 90, 90, 90, 90, 90, 90, 90, 90, 90, 90, 90, 90, 89, 88, 88, 88, 86, 87, 85, 85, 90, 85, 85, 85, 85, 85, 85, 85, 85, 85, 84, 84, 82, 82, 80, 80, 80, 80, 80, 80, 80, 80, 80, 80, 80, 80, 72, 70, 70, 70, 60] 
XCOM: Enemy Within, Opencritic chart, [94, 93, 90, 90, 90, 90, 90, 90, 90, 90, 90, 90, 90, 90, 86, 85, 85, 85, 80, 80, 80, 80, 80, 74, 70] 
FIFA 14, Opencritic chart, [90, 90, 90, 90, 90, 90, 90, 90, 90, 90, 90, 90, 88, 88, 86, 85, 85, 85, 80, 80, 80, 80, 80, 80, 70] 
ZEN Pinball 2: The Walking Dead, Opencritic chart, [95, 90, 90, 85, 85, 80, 70] 
Finding Paradise, Opencritic chart, [93, 90, 90, 90, 90, 89, 85, 84, 82, 80, 80] 
STEINS;GATE ELITE, Opencritic chart, [95, 90, 90, 90, 90, 90, 90, 90, 90, 90, 90, 90, 90, 90, 88, 84, 80, 80, 80, 80, 80, 80, 80, 75, 70] 
Dragon Ball FighterZ, Opencritic chart, [100, 98, 98, 96, 95, 95, 95, 95, 95, 93, 93, 93, 91, 90, 90, 91, 90, 90, 90, 90, 90, 90, 90, 90, 90, 90, 90, 90, 90, 90, 90, 90, 90, 90, 90, 90, 90, 90, 90, 90, 90, 90, 90, 90, 90, 90, 90, 90, 90, 90, 90, 90, 90, 90, 90, 90, 90, 90, 90, 90, 90, 90, 89, 88, 88, 86, 87, 86, 90, 85, 85, 85, 85, 85, 85, 85, 85, 85, 83, 83, 82, 81, 80, 80, 80, 80, 80, 80, 80, 80, 80, 80, 80, 80, 80, 80, 80, 80, 80, 80, 80, 75, 73, 70, 70, 60] 
Total War: Warhammer II, Opencritic chart, [97, 95, 95, 95, 95, 95, 93, 92, 92, 90, 90, 90, 90, 90, 90, 90, 90, 90, 90, 90, 90, 90, 90, 90, 90, 90, 90, 90, 88, 88, 86, 85, 85, 85, 85, 85, 85, 84, 80, 80, 80, 80, 80, 80, 80, 80, 80, 80, 80, 70, 60] 
World of Warcraft: Warlords of Draenor, Opencritic chart, [95, 95, 90, 90, 90, 90, 90, 90, 90, 90, 90, 90, 86, 85, 85, 85, 80, 80, 70] 
Dishonored 2, Opencritic chart, [100, 100, 100, 95, 95, 95, 94, 93, 93, 93, 93, 93, 92, 92, 90, 90, 90, 90, 90, 90, 90, 90, 90, 90, 90, 90, 90, 90, 90, 90, 90, 90, 90, 90, 90, 90, 90, 90, 90, 90, 90, 90, 90, 90, 90, 90, 90, 90, 90, 90, 89, 88, 88, 86, 86, 86, 85, 85, 85, 85, 85, 85, 85, 82, 80, 80, 80, 80, 80, 80, 80, 80, 80, 80, 80, 80, 80, 80, 80, 80, 80, 79, 75, 75, 75, 75, 74, 70, 70, 70, 70, 70, 65, 60, 60] 
Rise of the Tomb Raider - PC Edition, Opencritic chart, [96, 95, 92, 90, 90, 90, 90, 90, 90, 90, 83, 80, 80, 75, 70] 
Unavowed, Opencritic chart, [90, 90, 90, 90, 90, 90, 90, 88, 87, 86, 80, 80, 80, 76, 75] 
Total War: Warhammer, Opencritic chart, [96, 95, 94, 92, 90, 90, 90, 90, 90, 90, 90, 90, 90, 90, 90, 90, 90, 90, 90, 90, 90, 90, 90, 90, 90, 88, 88, 86, 86, 86, 86, 85, 85, 80, 80, 80, 80, 80, 80, 80, 80, 80, 80, 80, 78, 76, 75, 70, 70, 70] 
The Witness, Opencritic chart, [100, 100, 100, 100, 100, 100, 99, 95, 95, 95, 95, 95, 95, 95, 95, 94, 93, 93, 92, 90, 90, 90, 90, 90, 90, 90, 90, 90, 90, 90, 90, 90, 90, 90, 89, 89, 85, 85, 85, 85, 84, 83, 83, 82, 80, 80, 80, 80, 75, 75, 70, 70, 70, 70, 70, 65, 60, 60, 50, 40] 
Ori and the Blind Forest: Definitive Edition, Opencritic chart, [91, 90, 90, 90, 90, 85, 85, 80, 80, 74] 
Night in the Woods, Opencritic chart, [100, 100, 100, 95, 95, 95, 95, 95, 90, 90, 90, 90, 90, 90, 90, 90, 90, 90, 90, 90, 90, 90, 90, 90, 90, 89, 88, 86, 85, 85, 85, 85, 85, 85, 85, 85, 90, 82, 82, 80, 80, 80, 80, 80, 80, 80, 80, 80, 80, 80, 75, 75, 70, 60, 45] 
Final Fantasy XIV: Heavensward, Opencritic chart, [95, 90, 90, 90, 90, 90, 90, 90, 90, 90, 90, 90, 87, 86, 85, 85, 80, 75, 70, 60] 
Trine 2: Complete Story, Opencritic chart, [93, 92, 90, 90, 90, 90, 80, 80, 80, 80] 
CrossCode, Opencritic chart, [95, 90, 90, 90, 85, 85, 80, 80, 80, 76] 
The Wolf Among Us: Episode 5 - Cry Wolf, Opencritic chart, [98, 96, 95, 95, 95, 93, 90, 90, 90, 90, 90, 90, 90, 90, 89, 80, 80, 80, 78, 75, 65, 60, 60] 
Batman: Arkham Knight, Opencritic chart, [100, 100, 100, 100, 100, 100, 100, 100, 100, 100, 99, 98, 98, 96, 96, 95, 95, 92, 92, 92, 90, 90, 90, 90, 90, 90, 90, 90, 90, 90, 90, 90, 90, 90, 90, 90, 90, 90, 85, 85, 85, 85, 85, 83, 80, 80, 80, 80, 80, 80, 80, 80, 80, 80, 79, 75, 75, 73, 70, 70, 70, 70, 70, 70, 70, 65, 65, 60, 60, 55, 50] 
Danmaku Unlimited 3, Opencritic chart, [90, 90, 90, 90, 90, 85, 85, 80, 80, 80, 80, 76, 70] 
The Legend of Heroes: Trails in the Sky the 3rd, Opencritic chart, [95, 95, 90, 88, 85, 85, 80, 75, 70] 
SteamWorld Heist, Opencritic chart, [100, 98, 98, 95, 95, 95, 90, 90, 90, 90, 90, 90, 90, 90, 90, 90, 90, 90, 90, 90, 90, 88, 87, 85, 85, 85, 85, 85, 85, 85, 85, 80, 80, 80, 80, 80, 80, 80, 80, 80, 80, 80, 80, 80, 80, 80, 80, 70] 
Transistor, Opencritic chart, [100, 100, 100, 96, 95, 95, 95, 95, 92, 92, 90, 90, 90, 90, 90, 90, 90, 90, 90, 90, 90, 90, 90, 90, 90, 90, 90, 90, 90, 90, 90, 90, 86, 86, 87, 85, 85, 85, 85, 85, 85, 85, 85, 85, 84, 80, 80, 80, 80, 80, 80, 80, 80, 80, 80, 80, 80, 78, 75, 70, 70, 68, 60, 55] 
Subnautica, Opencritic chart, [95, 95, 95, 92, 90, 90, 90, 90, 90, 90, 90, 90, 90, 90, 90, 90, 90, 89, 88, 87, 85, 85, 85, 85, 85, 85, 85, 84, 82, 80, 80, 80, 80, 80, 70, 70, 40] 
Sunless Skies, Opencritic chart, [95, 92, 90, 90, 90, 90, 90, 90, 90, 88, 88, 86, 85, 85, 80, 80, 70, 70, 70] 
Fell Seal: Arbiter's Mark, Opencritic chart, [96, 95, 95, 95, 90, 90, 90, 88, 86, 86, 85, 85, 84, 80, 80, 80, 80, 80, 80, 80, 75, 70] 
GRIS, Opencritic chart, [100, 100, 100, 100, 96, 95, 95, 95, 95, 95, 95, 95, 95, 95, 94, 93, 90, 90, 90, 90, 90, 90, 90, 90, 90, 90, 90, 90, 90, 90, 90, 90, 90, 90, 90, 90, 90, 90, 90, 90, 90, 90, 90, 88, 85, 85, 85, 85, 85, 85, 85, 85, 83, 83, 82, 82, 80, 80, 80, 80, 80, 80, 80, 80, 80, 80, 80, 80, 80, 70, 70, 70, 70, 70, 66, 65, 65, 60] 
Valkyria Chronicles, Opencritic chart, [100, 95, 95, 93, 92, 90, 90, 90, 90, 90, 90, 90, 90, 90, 90, 90, 90, 90, 90, 90, 90, 90, 90, 90, 90, 88, 88, 88, 86, 87, 86, 86, 85, 85, 85, 85, 85, 85, 85, 85, 85, 84, 83, 82, 82, 81, 80, 80, 80, 80, 80, 80, 80, 80, 80, 80, 80, 80, 80, 80, 80, 80, 80, 80, 80, 80, 80, 79, 75, 70, 70, 70, 70, 70, 70, 70] 
Planescape: Torment Enhanced Edition, Opencritic chart, [95, 90, 90, 90, 85, 80, 72, 55] 
Forza Horizon 3 - Hot Wheels Expansion, Opencritic chart, [95, 95, 95, 92, 90, 90, 90, 90, 90, 90, 85, 85, 83, 80, 80, 70, 70] 
Assassin's Creed IV: Black Flag, Opencritic chart, [100, 95, 95, 93, 90, 90, 90, 90, 90, 90, 90, 90, 90, 90, 88, 88, 85, 85, 85, 83, 80, 80, 80, 80, 80, 80, 80, 80, 75, 70, 70] 
Final Fantasy XV: Windows Edition, Opencritic chart, [100, 100, 90, 90, 85, 84, 83, 80, 80, 80, 80, 80, 80, 78] 
Total War: Warhammer 2 – Rise of the Tomb Kings, Opencritic chart, [92, 90, 90, 80, 80, 80, 75] 
Zero Escape: The Nonary Games, Opencritic chart, [95, 95, 95, 100, 90, 90, 90, 90, 90, 90, 90, 90, 90, 90, 85, 85, 85, 83, 80, 80, 80, 80, 80, 80, 70, 70] 
Starbound, Opencritic chart, [100, 90, 90, 85, 85, 85, 84, 82, 80, 80, 80, 40] 
South Park: The Stick of Truth, Opencritic chart, [100, 100, 95, 95, 95, 90, 90, 90, 90, 90, 90, 90, 90, 90, 90, 90, 90, 88, 86, 85, 85, 85, 85, 85, 83, 82, 80, 80, 80, 80, 80, 80, 80, 80, 80, 80, 80, 80, 80, 80, 75, 75, 73, 70, 60] 
Doom, Opencritic chart, [100, 100, 100, 97, 96, 95, 95, 95, 92, 90, 90, 90, 90, 90, 90, 90, 90, 90, 90, 90, 90, 90, 90, 90, 90, 90, 90, 90, 90, 90, 90, 90, 90, 90, 90, 90, 90, 90, 90, 90, 90, 90, 90, 90, 90, 90, 90, 90, 90, 90, 90, 90, 90, 90, 89, 89, 88, 88, 88, 88, 88, 88, 86, 86, 85, 85, 85, 85, 85, 85, 85, 90, 85, 80, 80, 80, 80, 80, 80, 80, 80, 80, 80, 80, 80, 80, 80, 80, 80, 80, 79, 78, 75, 75, 71, 70, 70, 70] 
Pony Island, Opencritic chart, [95, 95, 91, 90, 90, 90, 90, 90, 85, 85, 81, 80, 75, 75, 70] 
Titanfall, Opencritic chart, [100, 100, 95, 95, 93, 93, 90, 90, 90, 90, 90, 90, 90, 90, 90, 90, 90, 90, 90, 90, 90, 90, 90, 90, 90, 90, 89, 89, 88, 88, 86, 86, 86, 85, 85, 85, 85, 85, 85, 84, 82, 82, 81, 80, 80, 80, 80, 80, 80, 80, 80, 75, 75, 70, 65] 
Forza Horizon 3 - Blizzard Mountain, Opencritic chart, [90, 89, 86, 85, 85, 85, 80, 80, 80, 80] 
This War of Mine, Opencritic chart, [100, 100, 96, 95, 90, 90, 90, 90, 90, 90, 89, 88, 86, 86, 85, 85, 85, 85, 84, 81, 80, 80, 80, 80, 80, 80, 80, 80, 80, 80, 80, 80, 76, 76, 75, 75, 72, 70, 70, 67, 60] 
Velocity 2X, Opencritic chart, [100, 100, 100, 95, 95, 90, 90, 90, 90, 90, 90, 90, 90, 90, 90, 89, 88, 87, 87, 85, 90, 85, 85, 82, 80, 80, 80, 80, 80, 80, 80, 80, 80, 78, 70, 70, 40] 
West of Loathing, Opencritic chart, [95, 90, 90, 90, 90, 90, 90, 90, 90, 88, 88, 85, 85, 85, 85, 85, 80, 80, 80, 80, 80, 80, 75, 70] 
Forza Motorsport 7, Opencritic chart, [100, 100, 98, 98, 97, 96, 95, 95, 95, 95, 95, 95, 93, 93, 92, 92, 92, 92, 92, 90, 90, 90, 90, 90, 90, 90, 90, 90, 90, 90, 90, 90, 90, 90, 90, 90, 90, 90, 90, 90, 90, 90, 89, 89, 88, 88, 88, 87, 87, 85, 85, 85, 85, 85, 85, 84, 83, 82, 80, 80, 80, 80, 80, 80, 80, 80, 78, 76, 75, 75, 75, 75, 80, 70, 70, 70, 70, 70, 70, 70, 60, 60] 
Middle-earth: Shadow of Mordor, Opencritic chart, [95, 95, 95, 95, 93, 93, 93, 90, 90, 90, 90, 90, 90, 90, 90, 90, 90, 90, 90, 90, 90, 90, 90, 90, 90, 90, 90, 90, 90, 90, 90, 90, 88, 88, 88, 88, 86, 86, 86, 86, 85, 85, 85, 85, 85, 85, 85, 83, 83, 82, 80, 80, 80, 80, 80, 80, 80, 80, 80, 80, 80, 80, 80, 77, 70, 70, 62, 60] 
DiRT Rally, Opencritic chart, [93, 92, 90, 90, 90, 90, 90, 90, 90, 90, 90, 90, 90, 90, 90, 90, 90, 90, 90, 90, 90, 90, 89, 88, 88, 86, 85, 85, 85, 85, 85, 85, 85, 80, 80, 80, 80, 80, 80, 80, 80, 80, 80, 80, 80, 79, 70] 
Galactic Civilizations III: Crusade, Opencritic chart, [95, 90, 90, 90, 70, 70] 
One Finger Death Punch 2, Opencritic chart, [99, 95, 90, 88, 86, 80] 
Rakuen, Opencritic chart, [100, 95, 95, 87, 83, 80, 70] 
Frostpunk, Opencritic chart, [95, 90, 90, 90, 90, 90, 90, 90, 90, 90, 90, 90, 90, 90, 90, 90, 90, 90, 90, 90, 90, 89, 88, 88, 88, 86, 85, 85, 85, 85, 85, 85, 85, 85, 85, 85, 84, 83, 82, 80, 80, 80, 80, 80, 80, 80, 80, 80, 80, 80, 80, 80, 80, 80, 78, 78, 76, 74, 70, 70] 
Shadowrun: Dragonfall - Director's Cut, Opencritic chart, [98, 95, 92, 90, 88, 85, 85, 84, 81, 80, 80, 80, 78, 73] 
Killer Instinct: Season 3, Opencritic chart, [90, 90, 89, 85, 85, 80, 80, 80] 
Linelight, Opencritic chart, [100, 96, 100, 92, 90, 90, 90, 90, 90, 90, 85, 82, 80, 70, 70, 62] 
Day of the Tentacle Remastered, Opencritic chart, [100, 100, 95, 95, 90, 90, 90, 90, 90, 90, 90, 89, 88, 87, 85, 85, 85, 85, 83, 83, 80, 80, 80, 80, 80, 75, 70, 70, 60] 
Two Point Hospital, Opencritic chart, [96, 95, 90, 90, 90, 90, 90, 90, 90, 90, 90, 90, 90, 90, 90, 88, 88, 88, 87, 85, 85, 85, 85, 84, 81, 80, 80, 80, 80, 80, 80, 80, 80, 80, 80, 75, 70, 70, 70, 70, 65] 
Axiom Verge, Opencritic chart, [100, 100, 97, 95, 95, 95, 95, 93, 90, 90, 90, 90, 90, 90, 90, 90, 90, 90, 90, 90, 90, 90, 90, 90, 90, 90, 90, 90, 90, 90, 90, 90, 90, 90, 88, 88, 86, 85, 85, 85, 85, 85, 85, 84, 83, 82, 80, 80, 80, 80, 80, 80, 80, 80, 80, 80, 79, 78, 75, 75, 75, 75, 75, 70, 70, 70, 70, 70, 70, 60] 
Her Story, Opencritic chart, [100, 100, 100, 95, 90, 90, 90, 90, 90, 90, 90, 90, 90, 90, 86, 85, 85, 85, 85, 85, 85, 85, 85, 83, 83, 82, 80, 80, 75, 55] 
VA-11 Hall-A: Cyberpunk Bartender Action, Opencritic chart, [100, 100, 95, 95, 95, 95, 95, 95, 95, 90, 90, 90, 90, 90, 90, 90, 90, 90, 90, 90, 90, 85, 85, 85, 85, 90, 80, 80, 80, 80, 80, 80, 80, 80, 80, 80, 80, 80, 80, 78, 75, 70, 70, 60, 60, 50] 
Planet Coaster, Opencritic chart, [95, 90, 90, 90, 90, 90, 90, 90, 90, 90, 86, 86, 85, 85, 85, 85, 85, 85, 85, 85, 85, 85, 84, 83, 80, 80, 80, 80, 80, 80, 80, 80, 80, 78, 75, 75, 70, 70] 
Gorogoa, Opencritic chart, [100, 98, 95, 95, 90, 90, 90, 90, 90, 90, 90, 90, 90, 90, 88, 86, 85, 85, 85, 85, 85, 85, 85, 85, 85, 84, 84, 80, 80, 80, 80, 70, 65, 60, 60] 
Danganronpa 2: Goodbye Despair (PC Edition), Opencritic chart, [97, 95, 95, 92, 86, 85, 80, 80, 80, 80, 75, 70] 
Chess Ultra, Opencritic chart, [100, 95, 100, 90, 88, 86, 85, 85, 85, 80, 80, 80, 80, 80, 70, 70, 70] 
428: Shibuya Scramble, Opencritic chart, [100, 100, 100, 100, 95, 90, 90, 90, 90, 90, 87, 85, 80, 80, 80, 80, 80, 80, 70, 70, 65] 
Dark Souls Remastered, Opencritic chart, [100, 100, 100, 96, 95, 95, 95, 94, 94, 93, 90, 90, 90, 90, 90, 90, 90, 90, 90, 90, 90, 90, 90, 90, 90, 90, 90, 90, 90, 90, 90, 90, 88, 88, 88, 86, 86, 86, 85, 85, 85, 85, 85, 85, 85, 85, 85, 85, 85, 84, 82, 81, 80, 80, 80, 80, 80, 80, 80, 80, 80, 80, 80, 80, 80, 80, 77, 75, 75, 75, 75, 75, 75, 70, 70, 65, 65, 60, 50, 50] 
Assassin's Creed Origins: The Curse of the Pharaohs, Opencritic chart, [100, 100, 90, 90, 90, 88, 86, 85, 85, 85, 85, 82, 81, 80, 80, 80, 80, 80, 80] 
OlliOlli2: Welcome to Olliwood, Opencritic chart, [100, 90, 90, 90, 90, 90, 90, 90, 90, 90, 90, 90, 90, 85, 85, 85, 85, 85, 80, 80, 80, 80, 80, 80, 80] 
Katana Zero, Opencritic chart, [95, 95, 95, 92, 90, 90, 90, 90, 90, 90, 90, 90, 90, 90, 90, 90, 90, 90, 90, 90, 88, 88, 90, 86, 86, 86, 85, 85, 83, 82, 80, 80, 80, 80, 80, 80, 80, 80, 80, 80, 80, 79, 78, 75, 73, 70, 70, 70, 60] 
The Swapper, Opencritic chart, [100, 95, 95, 90, 90, 90, 90, 90, 90, 90, 90, 85, 84, 83, 80, 80, 80, 80, 80, 80, 80, 80, 70, 50] 
Iconoclasts, Opencritic chart, [95, 95, 94, 90, 90, 90, 90, 90, 90, 90, 90, 90, 90, 90, 90, 90, 90, 90, 88, 85, 85, 85, 85, 84, 81, 80, 80, 80, 80, 80, 80, 80, 80, 78, 75, 75, 74, 72, 70, 70, 70, 70] 
Assassin's Creed Odyssey, Opencritic chart, [100, 100, 98, 96, 95, 95, 95, 95, 95, 95, 95, 95, 95, 95, 94, 94, 92, 92, 92, 92, 90, 90, 90, 90, 90, 90, 90, 90, 90, 90, 90, 90, 90, 90, 90, 90, 90, 90, 90, 90, 90, 90, 90, 90, 90, 90, 90, 90, 90, 90, 90, 90, 90, 90, 90, 90, 90, 90, 90, 90, 90, 90, 88, 88, 88, 88, 90, 88, 87, 87, 86, 85, 85, 90, 85, 85, 85, 85, 84, 84, 83, 83, 83, 82, 80, 80, 80, 80, 80, 80, 80, 80, 80, 80, 80, 80, 80, 80, 79, 78, 78, 76, 75, 75, 75, 75, 75, 75, 70, 70, 70, 70, 70, 70, 65, 60, 60] 
Assassin's Creed Origins, Opencritic chart, [100, 100, 100, 97, 100, 95, 95, 95, 95, 95, 94, 93, 93, 93, 92, 92, 92, 92, 92, 90, 90, 90, 90, 90, 90, 90, 90, 90, 90, 90, 90, 90, 90, 90, 90, 90, 90, 90, 90, 90, 90, 90, 90, 90, 90, 90, 90, 90, 90, 90, 90, 90, 90, 90, 90, 89, 89, 88, 88, 88, 88, 88, 88, 86, 86, 87, 86, 86, 85, 85, 85, 85, 85, 85, 85, 85, 85, 85, 85, 85, 85, 90, 85, 85, 85, 85, 85, 84, 84, 83, 81, 80, 80, 80, 80, 80, 80, 80, 80, 80, 80, 80, 80, 80, 80, 80, 80, 80, 80, 80, 80, 80, 80, 80, 80, 80, 80, 75, 75, 75, 75, 75, 75, 75, 73, 70, 70, 70, 70, 70, 60, 60] 
Ys VIII: Lacrimosa of DANA, Opencritic chart, [100, 100, 95, 95, 95, 95, 95, 95, 100, 90, 91, 90, 90, 90, 90, 90, 90, 90, 90, 90, 90, 90, 90, 90, 90, 90, 90, 88, 88, 86, 85, 85, 90, 85, 85, 85, 85, 85, 84, 84, 83, 83, 82, 82, 80, 80, 80, 80, 80, 80, 80, 80, 80, 80, 80, 80, 80, 80, 80, 80, 80, 80, 80, 80, 79, 79, 78, 75, 75, 75, 75, 70, 65] 
Total War: THREE KINGDOMS, Opencritic chart, [100, 100, 97, 93, 92, 90, 90, 90, 90, 90, 90, 90, 90, 90, 90, 86, 86, 85, 85, 85, 85, 85, 85, 85, 85, 85, 83, 82, 80, 80, 80, 80, 80, 80, 80, 80, 80, 80, 80, 80, 78, 78, 77, 70, 70, 70] 
Guilty Gear Xrd Revelator, Opencritic chart, [100, 100, 95, 95, 95, 93, 92, 90, 90, 90, 90, 90, 90, 90, 85, 85, 82, 82, 80, 80, 80, 80, 80, 80, 80, 80, 80, 80, 70, 60] 
Metro: 2033 Redux, Opencritic chart, [90, 90, 86, 85, 85, 70] 
Duskers, Opencritic chart, [90, 90, 86, 80] 
Hitman - The Complete First Season, Opencritic chart, [100, 95, 93, 90, 90, 90, 90, 90, 90, 90, 90, 90, 90, 90, 86, 86, 85, 85, 85, 85, 85, 85, 85, 84, 84, 82, 81, 80, 80, 80, 80, 80, 80, 80, 80, 80, 80, 80, 80, 80, 80, 75, 75, 70, 70, 70, 68] 
Wandersong, Opencritic chart, [96, 95, 90, 90, 90, 90, 90, 90, 90, 90, 90, 90, 90, 90, 90, 90, 90, 88, 85, 85, 85, 82, 80, 80, 80, 78, 70, 70, 60] 
TowerFall Ascension, Opencritic chart, [100, 100, 95, 95, 95, 90, 90, 90, 90, 90, 90, 90, 90, 90, 89, 85, 82, 80, 80, 80, 80, 80, 80, 80, 80, 77] 
NBA 2K16, Opencritic chart, [95, 90, 90, 90, 90, 90, 90, 90, 90, 90, 85, 85, 85, 82, 80, 80, 80, 80, 80, 80, 79, 78, 78, 70, 70] 
Baba Is You, Opencritic chart, [100, 100, 90, 90, 90, 90, 90, 90, 90, 90, 80, 80, 75, 70, 70] 
Thronebreaker: The Witcher Tales, Opencritic chart, [94, 92, 90, 90, 90, 90, 90, 90, 90, 90, 90, 90, 90, 90, 90, 90, 90, 90, 90, 90, 89, 88, 88, 86, 86, 85, 85, 85, 83, 83, 83, 81, 81, 80, 80, 80, 80, 80, 80, 77, 75, 70, 70, 70, 70, 70, 70, 65, 49] 
Ashes of the Singularity: Escalation, Opencritic chart, [90, 90, 85, 81, 75] 
Heroes of the Storm, Opencritic chart, [95, 93, 90, 90, 90, 90, 90, 90, 90, 90, 90, 86, 85, 85, 85, 85, 85, 84, 80, 80, 80, 80, 70, 65] 
Thumper, Opencritic chart, [100, 96, 95, 95, 92, 90, 90, 90, 90, 90, 90, 90, 90, 90, 90, 90, 90, 90, 90, 90, 90, 90, 90, 90, 88, 85, 85, 85, 85, 83, 82, 81, 80, 80, 80, 80, 80, 80, 80, 74, 70, 57, 50] 
Batman: The Enemy Within - Episode 5, Opencritic chart, [100, 92, 90, 90, 90, 88, 86, 85, 90, 85, 85, 85, 82, 82, 80, 80, 80, 80, 80, 80, 80, 80, 75, 75, 75, 72, 70, 70, 70, 70, 70, 70, 65, 65, 65, 60, 60, 60, 60, 60, 55, 55, 50, 40] 
Tadpole Treble, Opencritic chart, [90, 90, 90, 90, 90, 90, 85, 80, 70, 50] 
Pyre, Opencritic chart, [100, 97, 95, 95, 95, 93, 90, 90, 90, 90, 90, 90, 90, 90, 90, 90, 90, 90, 90, 90, 90, 90, 90, 90, 90, 90, 90, 90, 90, 90, 88, 88, 87, 85, 85, 85, 85, 85, 85, 85, 85, 81, 80, 80, 80, 80, 80, 80, 80, 80, 80, 78, 78, 75, 71, 70, 70, 70, 70, 55] 
Metal Gear Rising: Revengeance, Opencritic chart, [92, 90, 90, 90, 85, 85, 84, 80, 80, 80, 75] 
Enter the Gungeon, Opencritic chart, [100, 95, 95, 95, 95, 95, 90, 90, 90, 90, 90, 90, 90, 90, 90, 90, 90, 90, 90, 90, 90, 90, 88, 88, 88, 85, 85, 85, 90, 85, 85, 83, 83, 82, 81, 80, 80, 80, 80, 80, 80, 80, 80, 80, 80, 80, 80, 80, 80, 79, 78, 78, 75, 75, 70, 70, 70] 
The Wolf Among Us: Episode 3 - A Crooked Mile, Opencritic chart, [95, 92, 92, 92, 90, 90, 90, 90, 90, 90, 90, 88, 85, 85, 84, 82, 80, 80, 80, 80, 80, 78, 75, 75, 70, 70, 65] 
Call of Duty: Black Ops 4, Opencritic chart, [100, 95, 95, 93, 92, 90, 90, 90, 90, 90, 90, 90, 90, 90, 90, 90, 90, 90, 90, 90, 90, 90, 90, 90, 90, 90, 90, 90, 90, 90, 90, 89, 88, 88, 88, 88, 88, 86, 87, 86, 86, 86, 85, 85, 85, 85, 85, 85, 85, 85, 85, 85, 85, 85, 85, 85, 85, 85, 84, 84, 84, 84, 82, 82, 82, 81, 80, 80, 80, 80, 80, 80, 80, 80, 80, 80, 80, 80, 80, 80, 80, 80, 80, 80, 80, 80, 80, 80, 80, 79, 78, 75, 75, 72, 70, 70, 70, 70, 70, 70, 60, 60, 50] 
Rogue Legacy, Opencritic chart, [95, 92, 90, 90, 90, 90, 90, 90, 90, 90, 90, 89, 88, 87, 85, 85, 85, 84, 80, 80, 80, 80, 80, 80, 80, 80, 80, 80, 80, 80, 75, 70, 60] 
Tales From The Borderlands: Episode One - Zer0 Sum, Opencritic chart, [96, 95, 91, 90, 90, 90, 90, 90, 90, 90, 90, 90, 90, 90, 90, 90, 90, 90, 89, 88, 88, 86, 85, 85, 85, 85, 85, 85, 85, 80, 80, 80, 80, 80, 80, 80, 75, 74, 70, 70, 65, 60] 
The Banner Saga 3, Opencritic chart, [100, 95, 92, 90, 90, 90, 90, 90, 90, 90, 90, 90, 90, 90, 90, 90, 90, 90, 90, 90, 90, 90, 90, 88, 88, 88, 88, 86, 86, 85, 85, 85, 85, 85, 85, 83, 83, 83, 80, 80, 80, 80, 80, 80, 80, 80, 80, 80, 80, 80, 80, 80, 80, 80, 80, 70] 
Marvel Heroes 2015, Opencritic chart, [90, 90, 85, 85, 82, 80, 80] 
Star Wars Pinball: Heroes Within, Opencritic chart, [90, 90, 88, 80, 80, 80] 
Monolith, Opencritic chart, [90, 90, 89, 80, 70] 
Galactic Civilizations III: Intrigue, Opencritic chart, [95, 85, 85, 85, 70] 
SoulCalibur VI, Opencritic chart, [95, 95, 95, 94, 93, 92, 90, 90, 90, 90, 90, 90, 90, 90, 90, 90, 90, 90, 90, 90, 90, 90, 90, 90, 90, 89, 88, 88, 88, 88, 88, 86, 86, 86, 86, 86, 86, 86, 85, 85, 85, 85, 85, 85, 85, 85, 85, 85, 85, 85, 85, 85, 85, 85, 85, 85, 85, 85, 85, 85, 85, 83, 83, 83, 82, 82, 80, 80, 80, 80, 80, 80, 80, 80, 80, 80, 80, 80, 80, 80, 80, 80, 80, 80, 80, 80, 80, 80, 80, 80, 80, 79, 78, 77, 75, 75, 75, 75, 70, 70, 70, 70, 70, 60] 
DiRT 4, Opencritic chart, [97, 93, 92, 92, 91, 90, 90, 90, 90, 90, 90, 90, 90, 90, 90, 90, 90, 90, 90, 90, 90, 90, 90, 90, 90, 90, 90, 90, 88, 88, 87, 86, 86, 85, 85, 85, 85, 85, 85, 85, 85, 85, 85, 84, 80, 82, 81, 80, 80, 80, 80, 80, 80, 80, 80, 80, 80, 80, 80, 80, 77, 75, 75, 75, 70, 70, 70, 70, 70, 60] 
Mega Man X Legacy Collection 1+2, Opencritic chart, [100, 90, 90, 90, 85, 85, 85, 85, 85, 80, 80, 80, 80] 
Keep Talking and Nobody Explodes, Opencritic chart, [90, 90, 90, 90, 85, 85, 80, 80, 80, 80, 80, 80, 80] 
The Walking Dead: Season Two Episode 2 - A House Divided, Opencritic chart, [95, 95, 94, 90, 90, 90, 90, 90, 90, 90, 90, 90, 90, 90, 90, 90, 90, 88, 88, 85, 85, 82, 80, 80, 80, 80, 78, 75, 75, 75, 72, 70, 70, 60, 60] 
Legend of Grimrock II, Opencritic chart, [95, 95, 90, 90, 90, 86, 85, 85, 85, 85, 85, 80, 80, 80, 78, 76, 74] 
Orcs Must Die: Unchained, Opencritic chart, [93, 85, 85, 85, 82, 80, 80] 
BioShock: The Collection, Opencritic chart, [95, 95, 92, 90, 90, 90, 90, 90, 89, 88, 88, 85, 85, 85, 85, 85, 85, 85, 85, 85, 82, 82, 80, 80, 80, 80, 80, 80, 80, 80, 80, 80, 80, 80, 80, 80, 80] 
Darkest Dungeon, Opencritic chart, [100, 95, 95, 95, 93, 90, 90, 90, 90, 90, 90, 90, 90, 90, 90, 90, 90, 90, 90, 90, 90, 90, 90, 88, 86, 86, 86, 85, 85, 85, 83, 80, 80, 80, 80, 80, 80, 80, 80, 80, 80, 80, 80, 80, 80, 80, 80, 80, 80, 80, 80, 70, 70, 70, 70, 60] 
N++, Opencritic chart, [100, 95, 95, 95, 95, 93, 92, 90, 90, 90, 90, 90, 90, 90, 90, 90, 90, 86, 85, 85, 85, 85, 85, 85, 85, 85, 80, 80, 80, 80, 80, 80, 80, 80, 80, 80, 80, 80, 80, 80, 80, 75, 75, 70, 70, 70, 70] 
Slayaway Camp, Opencritic chart, [90, 90, 90, 90, 85, 80, 80, 75, 75] 
Quarantine Circular, Opencritic chart, [100, 100, 90, 90, 85, 80, 80, 70, 70] 
Metro Redux, Opencritic chart, [95, 93, 90, 90, 90, 90, 90, 90, 86, 86, 85, 85, 85, 85, 85, 82, 80, 80, 80, 80, 80, 80, 80, 80, 80, 75, 70, 70, 70] 
Hyper Light Drifter, Opencritic chart, [95, 95, 95, 95, 95, 92, 90, 90, 90, 90, 90, 90, 90, 90, 90, 90, 90, 90, 90, 90, 90, 86, 85, 85, 85, 85, 85, 83, 82, 80, 80, 80, 80, 80, 80, 80, 78, 78, 76, 72, 70, 60, 60, 55] 
Maldita Castilla EX - Cursed Castile, Opencritic chart, [95, 90, 90, 90, 86, 85, 85, 90, 84, 80, 80, 80, 80, 80, 80, 80, 76] 
Duck Game, Opencritic chart, [95, 90, 90, 90, 85, 81, 80, 75, 70] 
Nioh: Complete Edition, Opencritic chart, [90, 90, 90, 90, 90, 90, 85, 85, 85, 85, 80, 80, 80, 80, 80, 80, 80, 78] 
Lara Croft Go, Opencritic chart, [90, 90, 90, 90, 90, 90, 85, 80, 80, 80, 79, 75, 74, 70, 70] 
Final Fantasy IX (Steam Edition), Opencritic chart, [92, 90, 80, 80, 80] 
Candle, Opencritic chart, [90, 85, 85, 82, 80, 80, 60] 
Gone Home, Opencritic chart, [100, 90, 90, 90, 90, 90, 90, 60, 60, 10] 
Destiny 2, Opencritic chart, [100, 98, 95, 95, 95, 95, 94, 94, 93, 92, 91, 90, 90, 90, 90, 90, 90, 90, 90, 90, 90, 90, 90, 90, 90, 90, 90, 90, 90, 90, 90, 90, 90, 90, 90, 90, 90, 90, 90, 90, 90, 90, 90, 90, 89, 89, 89, 88, 88, 88, 88, 88, 86, 86, 86, 86, 86, 86, 86, 86, 86, 85, 85, 85, 90, 85, 85, 85, 85, 85, 85, 85, 85, 85, 85, 85, 85, 85, 85, 85, 85, 85, 90, 85, 84, 84, 83, 80, 80, 80, 80, 80, 80, 80, 80, 80, 80, 80, 80, 80, 80, 80, 80, 80, 80, 80, 80, 80, 80, 80, 80, 80, 80, 80, 80, 80, 80, 80, 80, 80, 80, 80, 80, 79, 75, 80, 74, 70, 70, 70, 70, 70, 70, 70, 70, 70, 65, 65, 60, 40] 
ZEN Pinball 2: Star Wars: The Force Awakens, Opencritic chart, [90, 90, 85, 80, 80, 74] 
Super Meat Boy, Opencritic chart, [95, 95, 90, 90, 90, 90, 90, 90, 85, 85, 85, 85, 85, 82, 81, 80, 80, 80, 80, 80, 80, 80] 
The Blackwell Epiphany, Opencritic chart, [90, 90, 85, 85, 82, 80, 80] 
Youropa, Opencritic chart, [100, 90, 90, 90, 85, 82, 80, 80, 80, 75, 70, 60] 
Endless Legend, Opencritic chart, [100, 90, 90, 90, 90, 90, 90, 90, 89, 83, 81, 81, 80, 80, 80, 80, 80, 79, 75, 70, 70, 70] 
Mortal Kombat X, Opencritic chart, [100, 96, 95, 95, 95, 93, 92, 90, 90, 90, 90, 90, 90, 90, 90, 90, 90, 90, 90, 90, 90, 89, 88, 88, 88, 86, 86, 86, 85, 85, 85, 85, 85, 85, 85, 85, 84, 84, 82, 80, 80, 80, 80, 80, 80, 80, 80, 80, 80, 80, 80, 80, 80, 80, 80, 80, 80, 80, 75, 70, 70, 69, 65, 60] 
Hellblade: Senua's Sacrifice, Opencritic chart, [100, 100, 100, 98, 95, 95, 95, 95, 95, 93, 92, 91, 91, 90, 90, 90, 90, 90, 90, 90, 90, 90, 90, 90, 90, 90, 90, 90, 90, 90, 90, 90, 90, 90, 90, 90, 90, 90, 90, 90, 88, 88, 86, 86, 86, 86, 85, 85, 85, 85, 85, 90, 85, 85, 85, 85, 85, 85, 85, 85, 84, 84, 83, 83, 80, 80, 80, 80, 80, 80, 80, 80, 80, 80, 80, 80, 80, 80, 80, 80, 80, 80, 80, 80, 80, 80, 80, 80, 80, 80, 78, 78, 78, 75, 75, 75, 75, 75, 75, 75, 70, 70, 70, 70, 70, 70, 70, 65, 60, 60, 60, 60] 
FIFA 18, Opencritic chart, [95, 92, 92, 91, 90, 90, 90, 90, 90, 90, 90, 90, 90, 90, 90, 90, 90, 90, 90, 90, 90, 90, 90, 90, 90, 90, 88, 88, 88, 88, 86, 86, 87, 85, 85, 85, 85, 85, 85, 85, 85, 85, 85, 85, 84, 84, 83, 83, 82, 81, 80, 80, 80, 80, 80, 80, 80, 80, 80, 80, 80, 80, 80, 80, 80, 80, 80, 80, 80, 80, 80, 80, 78, 75, 75, 75, 80, 74, 70, 70, 70, 70, 70, 70, 70, 66, 60] 
Battlerite, Opencritic chart, [100, 90, 89, 85, 83, 82, 80, 80, 75] 
Geometry Wars 3: Dimensions, Opencritic chart, [100, 100, 95, 92, 90, 90, 90, 90, 90, 90, 90, 90, 90, 90, 86, 85, 85, 85, 85, 85, 85, 85, 80, 80, 80, 80, 80, 80, 80, 79, 70, 70, 70, 70, 65, 65] 
Shantae: Half-Genie Hero - Ultimate Edition, Opencritic chart, [90, 90, 90, 90, 90, 90, 86, 85, 85, 85, 85, 83, 80, 80, 80, 80, 80, 78, 70, 70] 
Hitman 2, Opencritic chart, [100, 95, 95, 91, 90, 90, 90, 90, 90, 90, 90, 90, 90, 90, 90, 90, 90, 90, 90, 90, 90, 90, 90, 90, 90, 90, 88, 88, 86, 86, 86, 86, 86, 85, 85, 85, 85, 85, 85, 85, 85, 85, 85, 85, 85, 85, 85, 85, 85, 85, 84, 84, 84, 84, 83, 83, 83, 83, 83, 82, 82, 80, 80, 80, 80, 80, 80, 80, 80, 80, 80, 80, 80, 80, 80, 80, 80, 80, 80, 80, 80, 80, 80, 80, 80, 80, 80, 80, 80, 80, 80, 79, 78, 78, 77, 76, 75, 75, 75, 70, 70, 62, 60] 
Zenzizenzic, Opencritic chart, [90, 90, 90, 90, 90, 85, 80, 75, 70] 
Total War: WARHAMMER II - Curse of the Vampire Coast, Opencritic chart, [100, 90, 90, 80, 80, 70] 
FIFA 17, Opencritic chart, [96, 95, 95, 93, 93, 90, 90, 90, 90, 90, 90, 90, 90, 90, 90, 90, 90, 90, 90, 89, 88, 88, 88, 86, 86, 85, 85, 85, 85, 85, 85, 85, 85, 84, 84, 84, 83, 83, 80, 80, 80, 80, 80, 80, 80, 80, 80, 80, 80, 80, 80, 80, 80, 80, 75, 75, 75, 74, 70, 70, 65, 60, 60, 60, 60] 
Downwell, Opencritic chart, [100, 95, 95, 93, 92, 90, 90, 90, 90, 90, 90, 90, 90, 90, 90, 85, 90, 80, 80, 80, 80, 80, 80, 76, 75, 75, 70, 70, 70, 70, 60] 
F1 2018, Opencritic chart, [97, 100, 90, 90, 90, 90, 90, 90, 90, 90, 90, 90, 90, 90, 89, 88, 88, 88, 87, 87, 86, 86, 85, 85, 85, 85, 85, 85, 85, 85, 85, 85, 85, 85, 85, 84, 80, 80, 80, 80, 80, 80, 80, 80, 80, 80, 80, 80, 80, 80, 80, 75, 70, 70, 70] 
Warhammer: Vermintide 2, Opencritic chart, [95, 95, 90, 90, 90, 90, 90, 90, 90, 90, 88, 86, 86, 86, 85, 85, 85, 85, 85, 85, 82, 82, 81, 81, 80, 80, 80, 80, 80, 80, 80, 80, 80, 80, 80, 80, 80, 80, 80, 80, 80, 80, 80, 80, 80, 75, 70, 70, 70, 70] 
Tales of Vesperia: Definitive Edition, Opencritic chart, [100, 97, 95, 93, 90, 90, 90, 90, 90, 90, 90, 90, 90, 90, 90, 88, 88, 88, 86, 87, 85, 85, 85, 85, 85, 85, 85, 85, 85, 85, 85, 85, 85, 84, 84, 83, 83, 83, 81, 80, 80, 80, 80, 80, 80, 80, 80, 80, 80, 80, 80, 80, 80, 80, 80, 80, 80, 80, 80, 80, 80, 80, 80, 80, 80, 80, 80, 80, 75, 75, 74, 70, 70, 70, 70, 70, 68] 
Dark Souls II: Crown of the Ivory King, Opencritic chart, [90, 90, 90, 90, 82, 80, 80, 70, 70] 
Guilty Gear Xrd -SIGN-, Opencritic chart, [98, 90, 90, 90, 90, 90, 88, 85, 85, 85, 85, 85, 85, 80, 80, 80, 80, 74, 70] 
Katamari Damacy Reroll, Opencritic chart, [95, 95, 90, 90, 90, 90, 90, 90, 90, 90, 90, 90, 90, 88, 85, 85, 85, 85, 85, 84, 84, 80, 80, 80, 80, 80, 80, 80, 80, 80, 80, 80, 80, 79, 75, 75, 60, 40] 
Gears of War 4, Opencritic chart, [100, 100, 100, 99, 98, 97, 96, 95, 95, 95, 95, 93, 93, 92, 92, 92, 92, 92, 90, 90, 90, 90, 90, 90, 90, 90, 90, 90, 90, 90, 90, 90, 90, 90, 90, 90, 90, 90, 90, 90, 90, 90, 88, 88, 87, 86, 87, 86, 86, 85, 85, 85, 85, 85, 85, 85, 85, 85, 84, 84, 83, 83, 80, 80, 80, 80, 80, 80, 80, 80, 80, 80, 80, 80, 80, 80, 80, 80, 80, 80, 80, 79, 78, 75, 75, 75, 70, 70, 70, 70, 70, 68, 40] 
Muv-Luv Alternative (Steam Edition), Opencritic chart, [96, 90, 90, 85, 70, 68] 
Shadowrun: Hong Kong, Opencritic chart, [90, 90, 90, 87, 86, 85, 85, 85, 85, 80, 80, 80, 80, 75, 75, 70, 65] 
Tom Clancy's The Division 2, Opencritic chart, [100, 100, 95, 95, 95, 95, 93, 92, 92, 92, 92, 90, 90, 90, 90, 90, 90, 90, 90, 90, 90, 90, 90, 90, 90, 90, 90, 90, 90, 90, 90, 90, 90, 90, 90, 90, 90, 90, 90, 90, 90, 90, 89, 88, 88, 88, 88, 88, 86, 86, 86, 85, 85, 85, 85, 85, 85, 85, 85, 85, 85, 85, 85, 85, 85, 85, 85, 85, 85, 85, 84, 83, 83, 82, 82, 80, 80, 80, 80, 80, 80, 80, 80, 80, 80, 80, 80, 80, 80, 80, 80, 80, 80, 80, 80, 80, 80, 80, 80, 80, 80, 78, 75, 75, 70, 70, 70, 70, 70, 70, 60, 55, 50] 
Aliens vs. Pinball, Opencritic chart, [90, 80, 80, 80, 80, 75] 
Hearts of Iron IV, Opencritic chart, [95, 92, 90, 90, 90, 90, 88, 88, 85, 85, 80, 80, 80, 70, 70, 70, 50] 
Shadow Tactics: Blades of the Shogun, Opencritic chart, [95, 95, 95, 92, 90, 90, 90, 90, 90, 90, 90, 90, 90, 90, 86, 86, 85, 85, 85, 85, 85, 85, 85, 85, 83, 82, 82, 80, 80, 80, 80, 80, 80, 80, 80, 80, 80, 80, 80, 80, 80, 80, 80, 80, 75, 75, 74, 70, 50] 
Rocksmith 2014 Edition, Opencritic chart, [95, 90, 90, 90, 90, 85, 85, 82, 70] 
Steel Division: Normandy 44, Opencritic chart, [95, 90, 88, 86, 85, 90, 85, 80, 80, 75, 70] 
Year Walk, Opencritic chart, [100, 90, 90, 86, 84, 80, 80, 80, 80, 70, 65] 
Dirt Rally 2.0, Opencritic chart, [95, 93, 90, 90, 90, 90, 90, 90, 90, 90, 90, 90, 90, 90, 90, 90, 90, 90, 88, 88, 88, 88, 88, 88, 86, 87, 86, 86, 85, 85, 85, 85, 85, 85, 85, 84, 84, 82, 81, 81, 80, 80, 80, 80, 80, 80, 80, 80, 80, 80, 80, 80, 80, 80, 80, 80, 80, 76, 75, 75, 70, 70, 70, 70, 70, 65] 
Devotion, Opencritic chart, [95, 90, 90, 90, 90, 82, 80, 80, 80, 80, 75, 70] 
Child of Light, Opencritic chart, [100, 100, 100, 100, 100, 95, 95, 93, 93, 92, 90, 90, 90, 90, 90, 90, 90, 90, 90, 90, 90, 90, 90, 90, 90, 90, 90, 85, 85, 85, 85, 85, 85, 85, 85, 85, 82, 80, 80, 80, 80, 80, 80, 80, 80, 80, 80, 80, 80, 78, 75, 70, 70, 70, 69, 65, 60, 60, 56] 
Invisible Inc., Opencritic chart, [100, 95, 91, 90, 90, 90, 90, 90, 90, 90, 86, 85, 85, 85, 85, 85, 81, 80, 80, 80, 80, 80, 80, 80, 80, 80, 72, 70, 70, 70, 70] 
Yoku's Island Express, Opencritic chart, [100, 100, 95, 95, 95, 95, 90, 90, 90, 90, 90, 90, 90, 90, 90, 90, 90, 90, 90, 90, 90, 90, 89, 86, 85, 85, 85, 85, 85, 85, 85, 85, 83, 83, 80, 80, 80, 80, 80, 80, 80, 80, 80, 80, 80, 80, 80, 80, 80, 80, 80, 80, 80, 80, 80, 75, 75, 75, 70, 70, 70] 
The Sims 4: Cats & Dogs, Opencritic chart, [95, 90, 90, 86, 85, 80, 80, 80, 80, 79, 78] 
Salt and Sanctuary, Opencritic chart, [96, 95, 90, 90, 90, 90, 90, 90, 90, 90, 90, 90, 88, 86, 86, 85, 85, 85, 85, 85, 85, 85, 85, 85, 85, 85, 82, 81, 80, 80, 80, 80, 80, 80, 80, 80, 80, 80, 80, 80, 80, 80, 80, 79, 78, 76, 75, 75, 75, 73, 73, 72, 70, 60] 
The Talos Principle: Road To Gehenna, Opencritic chart, [90, 90, 90, 88, 83, 80, 80, 75, 70] 
Galactic Civilizations III, Opencritic chart, [90, 90, 90, 88, 88, 87, 86, 85, 85, 80, 80, 80, 80, 70, 70] 
Wargroove, Opencritic chart, [95, 95, 93, 92, 91, 90, 90, 90, 90, 90, 90, 90, 90, 90, 90, 90, 90, 90, 89, 89, 88, 85, 85, 85, 85, 85, 85, 85, 85, 85, 84, 83, 83, 83, 82, 80, 80, 80, 80, 80, 80, 80, 80, 80, 80, 80, 80, 80, 80, 78, 78, 75, 70, 65, 60, 60] 
Battle Chef Brigade, Opencritic chart, [95, 95, 90, 90, 90, 90, 90, 90, 90, 90, 90, 88, 85, 84, 83, 80, 80, 80, 80, 80, 80, 80, 80, 80, 80, 80, 80, 78, 75, 70] 
Far Cry 4, Opencritic chart, [100, 95, 94, 92, 90, 90, 90, 90, 90, 90, 90, 90, 90, 90, 90, 90, 90, 90, 90, 90, 90, 89, 89, 89, 88, 88, 86, 86, 85, 85, 85, 85, 85, 85, 85, 85, 83, 82, 81, 80, 80, 80, 80, 80, 80, 80, 80, 80, 80, 80, 80, 80, 80, 80, 80, 80, 78, 76, 75, 75, 74, 65, 0] 
Pro Evolution Soccer 2017, Opencritic chart, [100, 90, 90, 90, 90, 90, 90, 90, 90, 90, 90, 90, 90, 90, 88, 86, 85, 85, 83, 82, 80, 80, 80, 80, 80, 80, 80, 80, 80, 76, 70, 69, 64, 50, 50] 
Grim Dawn, Opencritic chart, [100, 92, 90, 90, 86, 85, 85, 83, 81, 80, 80, 79, 75, 75] 
Final Fantasy X / X-2 HD Remaster, Opencritic chart, [93, 90, 90, 90, 90, 90, 90, 90, 90, 90, 90, 90, 90, 90, 88, 88, 86, 85, 85, 85, 85, 85, 85, 85, 84, 80, 80, 80, 80, 80, 80, 80, 80, 80, 80, 80, 80, 80, 76, 76, 75, 75, 70, 70, 70, 70, 70] 
System Shock: Enhanced Edition, Opencritic chart, [92, 90, 85, 85, 85, 82, 68, 60] 
Cities: Skylines, Opencritic chart, [100, 95, 95, 90, 90, 90, 90, 90, 90, 90, 90, 90, 90, 90, 86, 86, 86, 86, 85, 85, 85, 85, 85, 85, 85, 85, 85, 85, 85, 83, 81, 80, 80, 80, 80, 80, 80, 80, 80, 80, 80, 80, 80, 80, 80, 80, 80, 80, 80, 80, 80, 80, 80, 80, 80, 75, 75, 75, 75, 70, 70, 70, 70, 70, 60, 60] 
Mushihimesama, Opencritic chart, [90, 90, 84] 
Phantom Brave PC, Opencritic chart, [90, 84, 80, 80, 80, 65] 
BioShock Infinite: Burial at Sea - Episode Two, Opencritic chart, [95, 95, 95, 94, 93, 90, 90, 90, 90, 88, 86, 85, 85, 85, 80, 80, 80, 80, 80, 80, 80, 80, 72, 70, 51] 
Assault Android Cactus, Opencritic chart, [100, 95, 90, 90, 90, 90, 90, 90, 90, 90, 90, 90, 90, 89, 88, 85, 85, 85, 84, 80, 80, 80, 80, 80, 78, 75, 70, 70, 70, 69, 65, 60] 
FIFA 16, Opencritic chart, [96, 95, 90, 90, 90, 90, 90, 90, 90, 90, 90, 90, 90, 90, 90, 89, 88, 88, 86, 86, 85, 85, 85, 80, 80, 80, 80, 80, 80, 80, 80, 80, 80, 80, 80, 80, 80, 78, 76, 75, 75, 75, 70, 70, 70, 70, 65] 
Thimbleweed Park, Opencritic chart, [100, 100, 100, 95, 95, 95, 95, 95, 92, 92, 90, 90, 90, 90, 90, 90, 90, 90, 90, 90, 90, 90, 90, 90, 90, 90, 90, 90, 89, 89, 88, 88, 87, 86, 85, 85, 85, 85, 85, 85, 85, 85, 85, 85, 90, 84, 80, 80, 80, 80, 80, 80, 80, 80, 80, 80, 80, 80, 80, 80, 80, 80, 80, 80, 80, 80, 78, 75, 70, 70, 70, 70, 70, 70, 69, 60, 60, 50] 
The Banner Saga 2, Opencritic chart, [95, 95, 90, 90, 90, 90, 90, 90, 90, 90, 90, 90, 90, 90, 90, 90, 90, 90, 90, 90, 89, 86, 85, 85, 85, 85, 85, 85, 85, 85, 85, 84, 84, 83, 83, 82, 82, 80, 80, 80, 80, 80, 80, 80, 80, 80, 80, 80, 80, 80, 80, 80, 80, 72, 70, 70, 70, 70, 60] 
Metro Exodus, Opencritic chart, [95, 95, 95, 95, 93, 93, 92, 92, 92, 90, 90, 90, 90, 90, 90, 90, 90, 90, 90, 90, 90, 90, 90, 90, 90, 90, 90, 90, 90, 90, 90, 90, 90, 90, 90, 89, 88, 88, 88, 86, 86, 86, 85, 85, 85, 85, 85, 85, 85, 85, 85, 85, 85, 85, 85, 85, 85, 85, 85, 85, 85, 85, 85, 85, 85, 84, 83, 83, 81, 81, 80, 80, 80, 80, 80, 80, 80, 80, 80, 80, 80, 80, 80, 80, 80, 80, 80, 80, 80, 80, 80, 80, 80, 80, 79, 78, 78, 76, 75, 75, 75, 75, 74, 72, 70, 70, 70, 70, 70, 70, 70, 70, 65, 65, 64, 60, 60, 60, 45] 
Yuppie Psycho, Opencritic chart, [90, 90, 85, 85, 85, 84, 80, 75] 
ArcheAge, Opencritic chart, [90, 88, 85, 80, 80, 73] 
SOMA, Opencritic chart, [100, 96, 95, 95, 95, 95, 90, 90, 90, 90, 90, 90, 90, 90, 90, 90, 88, 88, 85, 85, 85, 85, 85, 85, 84, 83, 83, 81, 80, 80, 80, 80, 80, 80, 80, 80, 80, 80, 80, 80, 80, 80, 78, 78, 78, 70, 70, 70, 70, 70, 70, 70, 68, 65, 55] 
Broken Age: Act 1, Opencritic chart, [95, 95, 93, 90, 90, 90, 90, 90, 90, 90, 88, 88, 86, 86, 85, 85, 85, 85, 80, 80, 80, 80, 80, 80, 80, 80, 80, 77, 75, 70, 70, 70, 70, 70] 
Everspace, Opencritic chart, [95, 90, 90, 90, 90, 90, 90, 90, 90, 86, 85, 84, 82, 82, 80, 80, 80, 80, 80, 80, 80, 80, 80, 80, 77, 75, 75, 70, 70, 65] 
Mortal Kombat 11, Opencritic chart, [100, 98, 96, 95, 95, 95, 93, 93, 93, 93, 92, 92, 90, 90, 90, 90, 90, 90, 90, 90, 90, 90, 90, 90, 90, 90, 90, 90, 90, 90, 90, 90, 90, 90, 90, 90, 90, 90, 90, 90, 89, 89, 89, 89, 88, 88, 88, 88, 88, 86, 86, 86, 85, 85, 85, 85, 85, 85, 85, 85, 85, 85, 85, 85, 85, 84, 83, 80, 80, 80, 80, 80, 80, 80, 80, 80, 80, 80, 80, 80, 80, 80, 80, 80, 80, 80, 80, 80, 80, 80, 80, 78, 78, 75, 75, 70, 70, 70, 70, 70, 70, 70, 70, 70, 70, 65, 63, 60, 52] 
WildStar, Opencritic chart, [90, 90, 90, 90, 90, 90, 90, 89, 86, 86, 85, 85, 85, 85, 84, 82, 80, 80, 80, 80, 80, 80, 75, 71, 70, 70, 70] 
Sid Meier’s Civilization VI: Rise and Fall, Opencritic chart, [100, 90, 90, 90, 90, 90, 90, 90, 90, 88, 85, 85, 85, 85, 85, 85, 85, 83, 83, 82, 80, 80, 80, 80, 80, 80, 80, 80, 80, 80, 80, 80, 78, 75, 70, 70, 70, 70, 70] 
Tales From The Borderlands: Episode Four - Escape Plan Bravo, Opencritic chart, [100, 95, 90, 90, 90, 90, 90, 90, 88, 86, 85, 84, 80, 80, 80, 80, 70, 70, 70, 70, 60] 
Call of Duty 4: Modern Warfare Remastered, Opencritic chart, [95, 95, 92, 90, 90, 90, 89, 85, 85, 85, 85, 85, 85, 85, 90, 84, 84, 80, 80, 80, 80, 80, 70, 70, 65] 
Devil Daggers, Opencritic chart, [100, 90, 90, 88, 85, 85, 80, 80, 72, 55] 
Edge, Opencritic chart, [100, 90, 90, 90, 80, 80, 70, 60] 
Hacknet, Opencritic chart, [95, 95, 90, 88, 87, 80, 72, 70] 
Helldivers, Opencritic chart, [100, 95, 95, 95, 90, 90, 90, 90, 90, 90, 90, 85, 85, 85, 85, 85, 85, 85, 83, 82, 80, 80, 80, 80, 80, 80, 80, 76, 76, 75, 75, 70, 70, 70, 70, 70] 
Hypnospace Outlaw, Opencritic chart, [90, 90, 88, 85, 85, 85, 85, 85, 84, 82, 81, 80, 80, 75, 60, 50] 
Technobabylon, Opencritic chart, [90, 90, 90, 88, 86, 85, 80, 80, 80, 80, 80, 80, 75] 
FIFA 15, Opencritic chart, [95, 93, 90, 90, 90, 90, 90, 90, 90, 90, 90, 90, 90, 90, 90, 88, 88, 87, 85, 85, 85, 85, 85, 85, 85, 84, 83, 83, 80, 80, 80, 80, 80, 80, 80, 80, 78, 78, 75, 70, 70, 70, 70, 70, 70, 60, 50] 
Quadrilateral Cowboy, Opencritic chart, [95, 90, 90, 90, 86, 85, 84, 80, 80, 80, 80, 80, 80, 80, 80, 80, 78, 75, 60, 60] 
Lumines Remastered, Opencritic chart, [100, 96, 90, 90, 90, 90, 88, 86, 85, 85, 85, 85, 85, 83, 80, 80, 80, 80, 80, 80, 80, 80, 80, 80, 80, 79, 70, 70, 70] 
Swords and Soldiers 2 Shawarmageddon, Opencritic chart, [90, 90, 85, 90, 85, 80, 80, 80, 80, 75, 75] 
SpeedRunners, Opencritic chart, [90, 90, 90, 89, 80, 80, 80, 80, 80, 75] 
Fez, Opencritic chart, [100, 90, 90, 89, 80, 70] 
Fire Pro Wrestling World, Opencritic chart, [90, 90, 90, 90, 90, 90, 85, 85, 84, 80, 80, 80, 80, 80, 80, 80, 80, 80, 80, 70, 70, 70, 70] 
Mega Man X Legacy Collection, Opencritic chart, [96, 90, 90, 90, 90, 90, 90, 90, 90, 90, 90, 85, 85, 85, 85, 85, 85, 85, 85, 85, 85, 85, 85, 84, 84, 81, 80, 80, 80, 80, 80, 80, 80, 80, 80, 80, 80, 80, 75, 75, 74, 70, 70, 70, 70, 70, 70, 70, 70, 70, 70, 65, 65, 60, 60, 60] 
Guild Wars 2: Heart of Thorns, Opencritic chart, [85, 85, 85, 82, 82, 80, 80, 76] 
6180 The Moon, Opencritic chart, [100, 85, 90, 80, 70, 70, 70] 
The Walking Dead: A New Frontier - Episodes 1 & 2 - Ties That Bind, Opencritic chart, [90, 90, 90, 90, 90, 90, 90, 90, 90, 90, 90, 90, 90, 89, 89, 88, 85, 85, 85, 85, 85, 85, 85, 85, 85, 85, 85, 85, 85, 82, 82, 80, 80, 80, 80, 80, 80, 80, 80, 80, 80, 80, 80, 80, 80, 80, 80, 80, 80, 80, 80, 77, 75, 75, 75, 75, 75, 72, 70, 70, 70, 70, 70, 70, 70, 68, 60, 60, 60, 60] 
Rising Storm 2: Vietnam, Opencritic chart, [90, 90, 85, 85, 84, 82, 82, 80, 80, 80, 80, 80, 75, 75, 60] 
Yomawari: Midnight Shadows, Opencritic chart, [90, 90, 90, 85, 90, 85, 85, 83, 80, 80, 80, 80, 80, 80, 80, 80, 79, 78, 75, 75, 75, 75, 70, 70, 70, 70, 70, 70, 70, 65, 65, 65, 63, 60, 50] 
Worms W.M.D, Opencritic chart, [90, 90, 90, 90, 88, 86, 86, 85, 85, 85, 85, 85, 85, 85, 85, 84, 83, 83, 83, 80, 80, 80, 80, 80, 80, 80, 80, 80, 80, 80, 80, 80, 80, 80, 80, 80, 80, 80, 80, 80, 80, 80, 80, 80, 80, 80, 80, 80, 80, 79, 79, 78, 78, 75, 75, 75, 70, 70, 70, 70, 70, 70, 70, 70, 70, 70, 70, 70, 65, 65] 
Dead In Vinland, Opencritic chart, [90, 89, 85, 85, 84, 81, 80, 80, 76, 75, 74, 71, 70, 70, 65, 65, 53] 
Rive, Opencritic chart, [90, 90, 90, 90, 90, 85, 85, 80, 80, 80, 80, 80, 80, 80, 80, 80, 78, 78, 78, 75, 70, 70, 70, 70, 70, 70, 70, 70, 65, 65, 65, 60, 60, 57] 
Cattails, Opencritic chart, [85, 82, 80, 80, 80, 75, 75, 75, 75, 70] 
Omensight, Opencritic chart, [92, 90, 90, 90, 90, 90, 90, 88, 88, 88, 86, 85, 85, 85, 85, 90, 81, 81, 80, 80, 80, 80, 80, 80, 80, 80, 80, 80, 80, 80, 80, 80, 80, 78, 78, 75, 75, 75, 75, 73, 70, 70, 70, 70, 70, 70, 68, 65, 65, 60, 60, 55] 
The Mummy Demastered, Opencritic chart, [90, 90, 90, 90, 85, 90, 85, 83, 82, 81, 80, 80, 80, 80, 79, 77, 75, 75, 70, 70, 70, 70, 68, 66, 60, 60] 
QUBE: Director's Cut, Opencritic chart, [90, 88, 85, 80, 80, 80, 80, 80, 80, 80, 80, 80, 80, 80, 70, 70, 70, 70, 65, 60, 60, 55] 
Wailing Heights, Opencritic chart, [90, 90, 80, 80, 60, 50] 
Blackwood Crossing, Opencritic chart, [90, 90, 90, 85, 90, 85, 85, 85, 83, 80, 80, 80, 80, 80, 75, 75, 75, 75, 75, 75, 75, 70, 70, 70, 70, 70, 70, 70, 65, 62, 60, 60, 60, 53] 
Spintires: Mudrunner - American Wilds, Opencritic chart, [75, 75, 75, 72, 70, 70, 65] 
Banished, Opencritic chart, [90, 85, 83, 80, 80, 75, 75, 70, 70, 70, 70, 65, 60, 60] 
Dragon Ball Xenoverse 2, Opencritic chart, [90, 90, 90, 90, 85, 85, 80, 80, 80, 80, 80, 80, 80, 80, 80, 80, 80, 80, 80, 80, 78, 78, 78, 77, 76, 75, 75, 75, 75, 75, 75, 72, 71, 70, 70, 70, 70, 70, 70, 70, 70, 70, 70, 70, 70, 70, 70, 70, 70, 70, 70, 70, 70, 69, 69, 65, 65, 65, 64, 60, 60] 
The Warlock of Firetop Mountain, Opencritic chart, [90, 90, 83, 80, 80, 75, 72, 70, 70, 70, 65, 64, 60] 
We. The Revolution, Opencritic chart, [90, 80, 75, 75, 75, 70, 70, 60] 
Mass Effect Andromeda, Opencritic chart, [95, 92, 90, 90, 90, 90, 90, 90, 90, 88, 88, 87, 86, 86, 85, 85, 85, 85, 85, 85, 90, 85, 85, 84, 84, 83, 82, 80, 80, 80, 80, 80, 80, 80, 80, 80, 80, 80, 80, 80, 80, 80, 80, 80, 80, 80, 80, 80, 80, 80, 80, 79, 79, 78, 78, 78, 78, 77, 77, 77, 75, 75, 75, 75, 75, 75, 75, 75, 80, 75, 75, 75, 75, 75, 75, 74, 70, 70, 70, 70, 70, 70, 70, 70, 70, 70, 70, 70, 70, 70, 70, 70, 70, 70, 70, 70, 70, 70, 70, 70, 80, 70, 67, 65, 65, 65, 65, 65, 65, 60, 60, 60, 60, 60, 60, 60, 60, 60, 60, 60, 60, 59, 55, 55, 55, 55, 51, 50, 50, 50, 45] 
Sublevel Zero, Opencritic chart, [80, 80, 70, 70, 70, 68, 68, 66] 
ChromaGun, Opencritic chart, [80, 80, 80, 80, 80, 79, 75, 75, 72, 70, 70, 70, 70, 70, 70, 70, 70, 70, 70, 65, 61, 60, 60, 60, 60, 60, 60, 50, 50] 
Disc Jam, Opencritic chart, [83, 80, 79, 78, 75, 75, 72, 71, 70, 70, 70, 70, 70, 70, 70, 70, 70, 67, 65, 65, 60, 60, 60, 50] 
Life is Feudal: Your Own, Opencritic chart, [90, 78, 70, 70, 70, 68, 65, 60, 55] 
Layers of Fear 2, Opencritic chart, [100, 90, 90, 90, 88, 85, 85, 85, 85, 85, 83, 80, 80, 79, 76, 75, 75, 75, 75, 74, 73, 70, 70, 70, 70, 70, 68, 65, 65, 65, 70, 65, 65, 65, 65, 65, 64, 60, 60, 60, 60, 56, 55, 50, 50, 40, 40] 
Broken Age: Act 2, Opencritic chart, [93, 90, 90, 89, 80, 80, 75, 75, 70, 70, 70, 70, 70, 70, 68, 60, 60, 50, 40, 40] 
Stronghold: Crusader II, Opencritic chart, [88, 86, 70, 70, 70, 70, 64, 60, 50, 40] 
Bear With Me: Episode 1, Opencritic chart, [75, 69, 60, 60, 50] 
Call of Cthulhu, Opencritic chart, [100, 86, 86, 85, 85, 85, 85, 84, 84, 83, 80, 80, 80, 80, 80, 80, 80, 80, 80, 80, 80, 80, 80, 79, 77, 77, 76, 75, 75, 75, 75, 75, 75, 75, 75, 75, 75, 75, 73, 73, 72, 70, 70, 70, 70, 70, 70, 70, 70, 70, 70, 70, 70, 70, 70, 70, 69, 68, 68, 65, 66, 65, 65, 65, 70, 64, 60, 60, 60, 60, 60, 60, 60, 60, 60, 60, 60, 60, 60, 60, 60, 60, 60, 60, 60, 59, 55, 55, 50, 50, 50, 50, 50, 50, 40, 40, 40, 40, 40, 30] 
Shadow Blade: Reload, Opencritic chart, [90, 83, 80, 80, 75, 75, 75, 70, 70, 60, 60, 55] 
Flockers, Opencritic chart, [80, 80, 70, 70, 65, 65, 60, 60, 60, 60, 60] 
CONSORTIUM, Opencritic chart, [80, 80, 80, 72, 70, 70, 60, 60, 50, 44, 40] 
The Station, Opencritic chart, [85, 90, 83, 80, 80, 80, 77, 75, 75, 75, 70, 70, 70, 70, 70, 70, 70, 70, 70, 70, 65, 65, 65, 63, 60, 60, 60, 60, 60, 59, 57, 55, 55, 50, 50, 46, 44, 40, 40] 
Riftstar Raiders, Opencritic chart, [70, 70, 68, 67, 65, 50] 
Ryse: Son of Rome, Opencritic chart, [86, 83, 80, 75, 75, 75, 80, 71, 70, 70, 70, 70, 70, 70, 70, 70, 70, 69, 68, 65, 65, 65, 65, 65, 65, 60, 60, 60, 60, 60, 60, 60, 60, 60, 56, 50, 50, 50, 50, 50, 45, 35, 30] 
Game of Thrones - Season One, Opencritic chart, [80, 75, 75, 70, 70, 70, 70, 70, 70, 70, 65, 65, 64, 60, 60, 60, 50, 50, 44, 40, 40] 
Sword Coast Legends, Opencritic chart, [80, 80, 73, 70, 70, 70, 70, 70, 70, 68, 68, 68, 65, 64, 63, 60, 60, 60, 55, 55, 55, 50, 50, 50, 40] 
Pumped BMX +, Opencritic chart, [80, 70, 70, 69, 65, 60, 60, 60, 50, 50, 40] 
Contrast, Opencritic chart, [85, 80, 75, 75, 75, 70, 70, 70, 65, 65, 65, 65, 60, 60, 60, 60, 60, 60, 60, 60, 60, 60, 55, 55, 50, 50, 50, 50, 45, 40, 40, 40, 30, 30] 
Lust For Darkness, Opencritic chart, [75, 55, 50, 50, 45, 40, 40] 
Micro Machines World Series, Opencritic chart, [80, 76, 75, 70, 70, 70, 70, 70, 70, 70, 65, 65, 64, 60, 60, 60, 60, 60, 60, 60, 60, 59, 55, 55, 52, 50, 50, 50, 50, 50, 50, 50, 49, 48, 45, 45, 45, 42, 40, 40, 40, 40, 40, 40, 30, 30, 20] 
Asdivine Hearts, Opencritic chart, [70, 70, 62, 60, 60, 60, 60, 30] 
Dakar 18, Opencritic chart, [80, 70, 60, 60, 52, 50, 50, 50, 40, 40, 40, 30] 
Metropolis: Lux Obscura, Opencritic chart, [77, 70, 70, 70, 70, 69, 70, 63, 60, 55, 50, 50, 30, 20, 20, 20] 
Irony Curtain: From Matryoshka with Love, Opencritic chart, [100, 86, 80, 80, 80, 80] 
Grand Theft Auto V, Opencritic review, [92, 100, 90, 100, 90, 90, 92] 
Divinity: Original Sin 2, Opencritic review, [87, 90, 90, 80] 
Undertale, Opencritic review, [91, 90, 90, 100, 100] 
Resident Evil 2, Opencritic review, [89, 90, 90, 90, 92, 90] 
Forza Horizon 4, Opencritic review, [89, 90, 90, 90, 97, 90] 
The Witcher 3: Wild Hunt - Blood and Wine, Opencritic review, [94, 80, 80, 90, 90] 
The Witcher 3: Wild Hunt, Opencritic review, [92, 90, 100, 90, 90, 90, 88] 
Celeste, Opencritic review, [80, 90, 90, 93, 80, 90] 
Metal Gear Solid V: The Phantom Pain, Opencritic review, [100, 90] 
Mark of the Ninja: Remastered, Opencritic review, [90, 90, 80] 
NieR: Automata Game of the YoRHa Edition, Opencritic review, [90, 80, 95] 
Divinity: Original Sin 2 – Definitive Edition, Opencritic review, [100, 100, 90, 87, 90, 90] 
Overwatch, Opencritic review, [88, 90, 90, 90, 90, 90] 
INSIDE, Opencritic review, [76, 80, 80, 90, 90, 100] 
Slay The Spire, Opencritic review, [90, 92, 80, 90] 
Rayman Legends, Opencritic review, [90, 88, 90, 98, 90, 90] 
Hollow Knight, Opencritic review, [92, 80, 90, 95, 90, 90, 80, 90, 86, 80, 90, 90] 
Out of the Park Baseball 16, Opencritic review, [95, 80] 
Forza Horizon 3, Opencritic review, [92, 90, 90, 90, 90] 
DoDonPachi Resurrection, Opencritic review, [80] 
DUSK, Opencritic review, [89, 92, 100] 
Return of the Obra Dinn, Opencritic review, [90, 90, 90, 90] 
Sekiro: Shadows Die Twice, Opencritic review, [92, 90, 90, 90] 
Kentucky Route Zero: Act IV, Opencritic review, [90, 81] 
Stardew Valley, Opencritic review, [80, 80, 90, 90, 90] 
Sid Meier's Civilization VI, Opencritic review, [93, 90, 90, 100, 85] 
Paradigm, Opencritic review, [90] 
The Witcher 3: Wild Hunt - Hearts of Stone, Opencritic review, [82, 80, 90, 80, 88, 100, 90, 80] 
Monster Hunter World, Opencritic review, [86, 90, 80, 100, 95, 80] 
Nier: Automata, Opencritic review, [79, 90, 90, 93, 90, 90, 70] 
Rez Infinite, Opencritic review, [88, 90, 90, 90, 85, 90, 90] 
Guacamelee! Super Turbo Championship Edition, Opencritic review, [90, 90, 94, 80, 80, 90, 90] 
Tales from the Borderlands: Episode Five - The Vault of the Traveler, Opencritic review, [80, 90, 90, 95, 90, 90] 
Ori and the Blind Forest, Opencritic review, [87, 80, 90, 100, 90, 90, 95] 
Pillars of Eternity, Opencritic review, [92, 80, 80, 90, 90, 80, 90] 
Dragon Quest XI: Echoes of an Elusive Age, Opencritic review, [68, 70, 90, 80, 95, 90] 
Tales from the Borderlands - Season One, Opencritic review, [89, 80, 90, 90] 
Dead Cells, Opencritic review, [90, 80, 90, 93, 100, 90, 80] 
Pillars of Eternity II: Deadfire, Opencritic review, [88, 80, 80, 90, 90, 92] 
Devil May Cry 5, Opencritic review, [90, 90, 90, 93, 90, 90] 
Dark Souls III, Opencritic review, [94, 90, 80, 90] 
Into The Breach, Opencritic review, [93, 90, 90, 90, 70, 86] 
Shovel Knight, Opencritic review, [70, 80, 80, 70, 80, 93] 
Owlboy, Opencritic review, [82, 90, 90, 80, 86, 90] 
The Binding of Isaac: Rebirth, Opencritic review, [90, 80, 80, 93, 80, 80, 90] 
Cave Story+, Opencritic review, [90, 90, 90, 90, 90, 80, 90, 90] 
Stephen's Sausage Roll, Opencritic review, [80] 
Cuphead, Opencritic review, [86, 80, 80, 92, 80, 90, 80] 
XCOM 2: War of the Chosen, Opencritic review, [80, 100, 90, 80, 80] 
What Remains of Edith Finch, Opencritic review, [91, 80, 90, 85, 100, 90] 
World of Warcraft: Legion, Opencritic review, [90, 90, 98, 85, 90, 85] 
SteamWorld Dig 2, Opencritic review, [90, 89, 90, 80, 80, 80, 90, 89, 87, 90] 
Bastion, Opencritic review, [70, 80, 90, 90, 90, 90] 
Final Fantasy XIV: Stormblood, Opencritic review, [92, 80, 90, 90, 90, 90] 
Okami HD, Opencritic review, [86, 80, 89, 89, 65, 89] 
Hearthstone: Heroes of Warcraft, Opencritic review, [86, 100, 80, 95, 80] 
Outer Wilds, Opencritic review, [89, 85, 91] 
Dragon Age: Inquisition, Opencritic review, [80, 87, 80, 90, 90, 80, 87] 
The Legend of Heroes: Trails in the Sky, Opencritic review, [90] 
Divinity: Original Sin - Enhanced Edition, Opencritic review, [90, 80, 90, 90, 90, 90] 
Just Shapes & Beats, Opencritic review, [90, 90, 85, 90, 90, 80, 90] 
NBA 2K17, Opencritic review, [90, 80, 80] 
Crypt of the Necrodancer, Opencritic review, [87, 80, 80, 90, 100, 80] 
StarCraft II: Legacy of the Void, Opencritic review, [91, 80, 80, 83, 90] 
Street Fighter V: Arcade Edition, Opencritic review, [90, 90, 90, 92, 90, 80, 90, 80, 88] 
Fallout 4, Opencritic review, [88, 80, 90, 90, 80] 
Battlefield 1, Opencritic review, [89, 80, 90, 80, 80] 
Titanfall 2, Opencritic review, [91, 90, 90, 90, 70] 
XCOM 2, Opencritic review, [94, 100, 90, 80, 80] 
Diablo III: Reaper of Souls, Opencritic review, [87, 90, 80, 80, 90, 90] 
Ni no Kuni 2: Revenant Kingdom, Opencritic review, [90, 80, 80, 90, 94, 70] 
Sonic Mania, Opencritic review, [82, 90, 90, 93, 100, 80] 
Steins;Gate (Steam Edition), Opencritic review, [85, 90] 
Dynasty Warriors 8: Xtreme Legends Definitive Edition, Opencritic review, [80, 80, 70, 90] 
Shovel Knight: Specter of Torment, Opencritic review, [80, 89, 80, 90, 85, 90, 80, 100, 90] 
Homeworld Remastered Collection, Opencritic review, [92, 90, 80, 100, 85, 90] 
Dark Souls II: Scholar of the First Sin, Opencritic review, [80, 90, 80, 90, 90, 90] 
Rocket League, Opencritic review, [87, 90, 90, 90, 82, 90, 80] 
The Talos Principle, Opencritic review, [84, 90, 90, 90, 95, 90] 
BattleBlock Theater, Opencritic review, [86, 80, 80] 
Nuclear Throne, Opencritic review, [90, 90, 90, 70, 90, 90, 90, 83] 
Wolfenstein 2: The New Colossus, Opencritic review, [81, 90, 90, 88, 80, 90] 
Rise Of The Tomb Raider: 20 Year Celebration, Opencritic review, [80, 90, 80, 85] 
Final Fantasy XIV Online: A Realm Reborn, Opencritic review, [79, 80, 90, 75, 90, 90] 
The Binding of Isaac: Afterbirth, Opencritic review, [86, 60, 80] 
Danganronpa: Trigger Happy Havoc (PC Edition), Opencritic review, [86, 80, 85, 80, 100] 
Yakuza 0, Opencritic review, [90, 80, 80, 80, 90] 
StarCraft Remastered, Opencritic review, [89, 92, 90, 70, 80] 
Guacamelee! 2, Opencritic review, [80, 90, 86, 100, 90, 70] 
Nex Machina, Opencritic review, [89, 90, 90, 80, 90, 90, 80, 90] 
Apex Legends, Opencritic review, [93, 90, 80, 85] 
Resident Evil 7 Biohazard, Opencritic review, [90, 80, 80, 82, 80, 90] 
Far From Noise, Opencritic review, [80, 80, 90] 
Bayonetta, Opencritic review, [93, 90, 89, 90, 85, 80, 80, 80, 90] 
The Messenger, Opencritic review, [80, 80, 90, 80, 90, 90] 
F1 2017, Opencritic review, [88, 90, 90, 82, 70, 85, 80] 
XCOM: Enemy Within, Opencritic review, [85, 90, 80, 70, 90, 85, 80] 
FIFA 14, Opencritic review, [80, 80, 80, 90, 70, 90, 90] 
ZEN Pinball 2: The Walking Dead, Opencritic review, [90, 80] 
Finding Paradise, Opencritic review, [90, 84, 80, 89, 90] 
STEINS;GATE ELITE, Opencritic review, [80, 90, 88, 90, 90] 
Dragon Ball FighterZ, Opencritic review, [83, 90, 90, 91, 90, 90] 
Total War: Warhammer II, Opencritic review, [92, 90, 90, 80, 95, 80, 86, 80, 80] 
World of Warcraft: Warlords of Draenor, Opencritic review, [90, 80, 85, 90] 
Dishonored 2, Opencritic review, [93, 90, 80, 80, 90] 
Rise of the Tomb Raider - PC Edition, Opencritic review, [83, 80, 90, 90, 90, 90, 70] 
Unavowed, Opencritic review, [80, 90, 76, 90] 
Total War: Warhammer, Opencritic review, [86, 90, 90, 80, 85] 
The Witness, Opencritic review, [89, 70, 90, 60, 70] 
Ori and the Blind Forest: Definitive Edition, Opencritic review, [80, 91, 90] 
Night in the Woods, Opencritic review, [82, 80, 90, 85, 90, 80, 95] 
Final Fantasy XIV: Heavensward, Opencritic review, [87, 90, 70, 90, 90] 
Trine 2: Complete Story, Opencritic review, [80, 90, 90, 80] 
CrossCode, Opencritic review, [76, 80, 90, 80, 80] 
The Wolf Among Us: Episode 5 - Cry Wolf, Opencritic review, [60, 60, 90] 
Batman: Arkham Knight, Opencritic review, [70, 70, 70, 80, 70] 
Danmaku Unlimited 3, Opencritic review, [90, 80, 80, 90, 90] 
The Legend of Heroes: Trails in the Sky the 3rd, Opencritic review, [75, 90, 88] 
SteamWorld Heist, Opencritic review, [80, 80, 80, 80, 80, 80, 80, 90] 
Transistor, Opencritic review, [80, 90, 70, 80, 90, 80, 75] 
Subnautica, Opencritic review, [89, 80, 90, 90, 70, 80] 
Sunless Skies, Opencritic review, [90, 90, 80, 88, 90, 70] 
Fell Seal: Arbiter's Mark, Opencritic review, [80, 95, 86, 70, 96] 
GRIS, Opencritic review, [66, 70, 90, 80, 90, 70, 60] 
Valkyria Chronicles, Opencritic review, [86, 80, 80, 85, 90, 70] 
Planescape: Torment Enhanced Edition, Opencritic review, [90] 
Forza Horizon 3 - Hot Wheels Expansion, Opencritic review, [83, 90, 95, 80, 92, 90, 90, 70, 90] 
Assassin's Creed IV: Black Flag, Opencritic review, [90, 70, 90, 70, 90, 80, 80] 
Final Fantasy XV: Windows Edition, Opencritic review, [78, 80, 80, 80] 
Total War: Warhammer 2 – Rise of the Tomb Kings, Opencritic review, [80] 
Zero Escape: The Nonary Games, Opencritic review, [90, 90, 80, 70] 
Starbound, Opencritic review, [84, 80, 100, 80] 
South Park: The Stick of Truth, Opencritic review, [90, 70, 60, 95, 95] 
Doom, Opencritic review, [88, 70, 80, 90, 90] 
Pony Island, Opencritic review, [91, 90, 90, 70, 80, 81] 
Titanfall, Opencritic review, [86, 80, 90, 90, 90, 80, 82] 
Forza Horizon 3 - Blizzard Mountain, Opencritic review, [80, 85, 80, 90] 
This War of Mine, Opencritic review, [80, 80, 80, 85, 80, 90, 76] 
Velocity 2X, Opencritic review, [80, 70, 90, 100, 100, 80, 87, 87, 100, 80] 
West of Loathing, Opencritic review, [88, 80, 88, 85, 90, 80, 90, 80] 
Forza Motorsport 7, Opencritic review, [82, 80, 80, 90, 89, 60] 
Middle-earth: Shadow of Mordor, Opencritic review, [85, 80, 80, 80, 90, 90, 90, 80] 
DiRT Rally, Opencritic review, [80, 80, 80, 80, 80, 80] 
Galactic Civilizations III: Crusade, Opencritic review, [90, 90, 90, 70] 
One Finger Death Punch 2, Opencritic review, [88] 
Rakuen, Opencritic review, [70, 83] 
Frostpunk, Opencritic review, [89, 90, 90, 90, 80, 80, 78, 80] 
Shadowrun: Dragonfall - Director's Cut, Opencritic review, [80, 81, 80, 80, 85, 78] 
Killer Instinct: Season 3, Opencritic review, [80] 
Linelight, Opencritic review, [70, 80, 70, 62, 100, 90] 
Day of the Tentacle Remastered, Opencritic review, [87, 80, 80, 90, 85] 
Two Point Hospital, Opencritic review, [87, 80, 80, 80, 90, 90, 90, 70] 
Axiom Verge, Opencritic review, [85, 70, 80, 90, 90] 
Her Story, Opencritic review, [90, 80, 80] 
VA-11 Hall-A: Cyberpunk Bartender Action, Opencritic review, [60, 70, 80, 90, 80, 80, 80, 80] 
Planet Coaster, Opencritic review, [75, 80, 90, 80, 90, 85, 80] 
Gorogoa, Opencritic review, [85, 80, 84, 60, 88, 100, 90] 
Danganronpa 2: Goodbye Despair (PC Edition), Opencritic review, [80, 95, 70, 97] 
Chess Ultra, Opencritic review, [80, 80, 80, 100, 80, 70] 
428: Shibuya Scramble, Opencritic review, [80, 65, 80, 90, 70, 70, 90, 100, 80, 95] 
Dark Souls Remastered, Opencritic review, [90, 88, 90, 95] 
Assassin's Creed Origins: The Curse of the Pharaohs, Opencritic review, [85, 80, 86, 81, 80, 80, 80] 
OlliOlli2: Welcome to Olliwood, Opencritic review, [80, 90, 80, 85, 80] 
Katana Zero, Opencritic review, [79, 80, 80, 90, 82, 80, 80, 90] 
The Swapper, Opencritic review, [80, 80, 90, 80, 83, 90, 90, 50] 
Iconoclasts, Opencritic review, [78, 70, 90, 70, 90, 90, 90] 
Assassin's Creed Odyssey, Opencritic review, [90, 70, 80, 80, 90, 80] 
Assassin's Creed Origins, Opencritic review, [84, 60, 70, 92, 80, 80] 
Ys VIII: Lacrimosa of DANA, Opencritic review, [80, 80, 84, 80, 82, 80, 80] 
Total War: THREE KINGDOMS, Opencritic review, [83, 78, 90, 80, 70, 80, 97, 85] 
Guilty Gear Xrd Revelator, Opencritic review, [80, 90, 85, 90, 90, 80] 
Metro: 2033 Redux, Opencritic review, [90, 70] 
Duskers, Opencritic review, [86, 80] 
Hitman - The Complete First Season, Opencritic review, [84, 80, 80, 80, 90, 80, 80, 90] 
Wandersong, Opencritic review, [88, 80, 60, 78, 70, 90] 
TowerFall Ascension, Opencritic review, [90, 90, 90, 80, 95, 80] 
NBA 2K16, Opencritic review, [80, 80, 82] 
Baba Is You, Opencritic review, [90, 90, 70, 80, 90, 90] 
Thronebreaker: The Witcher Tales, Opencritic review, [81, 90, 86, 70, 83, 80, 90, 70] 
Ashes of the Singularity: Escalation, Opencritic review, [90] 
Heroes of the Storm, Opencritic review, [84, 90, 90, 80, 90] 
Thumper, Opencritic review, [82, 90, 90, 90, 90, 90, 80] 
Batman: The Enemy Within - Episode 5, Opencritic review, [80, 75, 60, 80, 72, 60] 
Tadpole Treble, Opencritic review, [90, 90, 70, 50] 
Pyre, Opencritic review, [71, 70, 90, 90, 85] 
Metal Gear Rising: Revengeance, Opencritic review, [80, 90, 90, 90] 
Enter the Gungeon, Opencritic review, [78, 80, 70, 80, 80, 70] 
The Wolf Among Us: Episode 3 - A Crooked Mile, Opencritic review, [88, 80, 80, 90] 
Call of Duty: Black Ops 4, Opencritic review, [78, 80, 80, 90, 80] 
Rogue Legacy, Opencritic review, [80, 80, 80, 89, 80, 87, 80, 70, 90] 
Tales From The Borderlands: Episode One - Zer0 Sum, Opencritic review, [80, 90, 90, 96, 80, 90] 
The Banner Saga 3, Opencritic review, [90, 70, 80, 80, 80, 80, 90, 88] 
Marvel Heroes 2015, Opencritic review, [85, 80] 
Star Wars Pinball: Heroes Within, Opencritic review, [80, 80] 
Monolith, Opencritic review, [80, 90] 
Galactic Civilizations III: Intrigue, Opencritic review, [85, 70] 
SoulCalibur VI, Opencritic review, [77, 80, 80, 85, 70, 80] 
DiRT 4, Opencritic review, [70, 70, 90, 80, 92, 80, 80, 70] 
Mega Man X Legacy Collection 1+2, Opencritic review, [80, 80, 85] 
Keep Talking and Nobody Explodes, Opencritic review, [80, 80, 80, 80, 80, 90] 
The Walking Dead: Season Two Episode 2 - A House Divided, Opencritic review, [70, 88, 60, 80, 90, 90, 70] 
Legend of Grimrock II, Opencritic review, [85, 90, 80, 90, 80, 74] 
Orcs Must Die: Unchained, Opencritic review, [85, 80, 85] 
BioShock: The Collection, Opencritic review, [80, 80, 85, 80, 85, 80] 
Darkest Dungeon, Opencritic review, [88, 80, 90, 80, 90] 
N++, Opencritic review, [92, 80, 80, 80, 70, 93, 90, 80] 
Slayaway Camp, Opencritic review, [90, 80] 
Quarantine Circular, Opencritic review, [70, 70, 85, 100, 80] 
Metro Redux, Opencritic review, [70, 80, 90, 70, 90, 85, 80] 
Hyper Light Drifter, Opencritic review, [78, 80, 90, 80, 90] 
Maldita Castilla EX - Cursed Castile, Opencritic review, [80, 80, 90, 84, 90, 90, 80] 
Duck Game, Opencritic review, [90, 81, 80] 
Nioh: Complete Edition, Opencritic review, [78, 80, 90, 80, 90] 
Lara Croft Go, Opencritic review, [80, 90, 80, 70, 74] 
Final Fantasy IX (Steam Edition), Opencritic review, [92, 80, 80] 
Candle, Opencritic review, [85, 90, 60] 
Gone Home, Opencritic review, [90, 90, 60, 10] 
Destiny 2, Opencritic review, [85, 80, 80, 91, 80, 70] 
ZEN Pinball 2: Star Wars: The Force Awakens, Opencritic review, [80, 90] 
Super Meat Boy, Opencritic review, [80, 80, 80, 80, 90, 80, 80, 90, 90] 
The Blackwell Epiphany, Opencritic review, [82, 80] 
Youropa, Opencritic review, [85, 90] 
Endless Legend, Opencritic review, [89, 80, 70, 75, 70, 81, 90, 80] 
Mortal Kombat X, Opencritic review, [69, 80, 80, 90, 80, 80] 
Hellblade: Senua's Sacrifice, Opencritic review, [78, 60, 80, 91, 80, 91, 90] 
FIFA 18, Opencritic review, [84, 80, 70, 80, 87, 80] 
Battlerite, Opencritic review, [89] 
Geometry Wars 3: Dimensions, Opencritic review, [70, 86, 80, 90, 80, 80, 85] 
Shantae: Half-Genie Hero - Ultimate Edition, Opencritic review, [78, 70, 90, 80, 80, 90, 70, 90] 
Hitman 2, Opencritic review, [84, 80, 80, 80, 83, 90] 
Zenzizenzic, Opencritic review, [90] 
Total War: WARHAMMER II - Curse of the Vampire Coast, Opencritic review, [70] 
FIFA 17, Opencritic review, [83, 70, 90, 80, 80] 
Downwell, Opencritic review, [80, 90, 80, 80, 70, 90] 
F1 2018, Opencritic review, [75, 90, 80, 87, 80, 85] 
Warhammer: Vermintide 2, Opencritic review, [80, 70, 80, 80, 80] 
Tales of Vesperia: Definitive Edition, Opencritic review, [70, 80, 87, 75, 80, 85, 80] 
Dark Souls II: Crown of the Ivory King, Opencritic review, [80, 70, 90, 90, 70] 
Guilty Gear Xrd -SIGN-, Opencritic review, [80, 80] 
Katamari Damacy Reroll, Opencritic review, [85, 90, 90, 90, 90, 90] 
Gears of War 4, Opencritic review, [75, 80, 70, 80] 
Muv-Luv Alternative (Steam Edition), Opencritic review, [68, 90] 
Shadowrun: Hong Kong, Opencritic review, [70, 80, 90] 
Tom Clancy's The Division 2, Opencritic review, [90, 82, 70, 90, 80, 80] 
Aliens vs. Pinball, Opencritic review, [75, 80, 80] 
Hearts of Iron IV, Opencritic review, [88, 80, 70, 70, 50] 
Shadow Tactics: Blades of the Shogun, Opencritic review, [92, 80, 80, 80, 70, 90, 80, 82, 90] 
Rocksmith 2014 Edition, Opencritic review, [90, 70] 
Steel Division: Normandy 44, Opencritic review, [88, 80, 70, 90, 90] 
Year Walk, Opencritic review, [84, 80, 80, 80, 70] 
Dirt Rally 2.0, Opencritic review, [87, 80, 90, 86, 70, 80, 90] 
Devotion, Opencritic review, [80, 90, 80, 90, 80, 90] 
Child of Light, Opencritic review, [69, 80, 70, 80, 100, 80, 90] 
Invisible Inc., Opencritic review, [80, 80, 70, 80, 80, 91, 90] 
Yoku's Island Express, Opencritic review, [85, 80, 90, 70, 85, 80, 80, 80, 83] 
The Sims 4: Cats & Dogs, Opencritic review, [80, 80, 79] 
Salt and Sanctuary, Opencritic review, [80, 80, 80, 80, 85, 90, 90] 
The Talos Principle: Road To Gehenna, Opencritic review, [70, 90, 75] 
Galactic Civilizations III, Opencritic review, [87, 80, 80, 80, 88, 90] 
Wargroove, Opencritic review, [78, 80, 80, 90, 80, 70, 90] 
Battle Chef Brigade, Opencritic review, [90, 88, 80, 85, 80] 
Far Cry 4, Opencritic review, [89, 80, 90, 0, 80, 80, 80, 94] 
Pro Evolution Soccer 2017, Opencritic review, [69, 90, 90, 83, 90, 50] 
Grim Dawn, Opencritic review, [83, 80, 85, 81] 
Final Fantasy X / X-2 HD Remaster, Opencritic review, [80, 85, 70, 90, 85, 86, 80, 88, 90, 80] 
System Shock: Enhanced Edition, Opencritic review, [85, 85, 60] 
Cities: Skylines, Opencritic review, [86, 70, 80, 80, 80, 80, 80, 70, 80] 
Mushihimesama, Opencritic review, [] 
Phantom Brave PC, Opencritic review, [80, 80] 
BioShock Infinite: Burial at Sea - Episode Two, Opencritic review, [80, 80, 80, 80, 80] 
Assault Android Cactus, Opencritic review, [90, 90, 70, 80, 90] 
FIFA 16, Opencritic review, [76, 70, 90, 70, 75, 90, 70] 
Thimbleweed Park, Opencritic review, [84, 80, 70, 80, 89, 80, 80] 
The Banner Saga 2, Opencritic review, [60, 86, 70, 70, 80, 80, 80, 90] 
Metro Exodus, Opencritic review, [78, 90, 80, 90, 90, 80] 
Yuppie Psycho, Opencritic review, [80, 75, 90] 
ArcheAge, Opencritic review, [85, 80] 
SOMA, Opencritic review, [80, 80, 70, 90, 90, 70, 80] 
Broken Age: Act 1, Opencritic review, [70, 86, 70, 70, 80, 80, 90] 
Everspace, Opencritic review, [90, 85, 90, 80, 80, 90] 
Mortal Kombat 11, Opencritic review, [85, 80, 90, 89, 70, 70] 
WildStar, Opencritic review, [70, 89, 70, 85] 
Sid Meier’s Civilization VI: Rise and Fall, Opencritic review, [80, 80, 80, 83, 82, 80, 90] 
Tales From The Borderlands: Episode Four - Escape Plan Bravo, Opencritic review, [60, 85, 90] 
Call of Duty 4: Modern Warfare Remastered, Opencritic review, [80, 90] 
Devil Daggers, Opencritic review, [80, 90, 88, 72] 
Edge, Opencritic review, [70, 60, 90, 90] 
Hacknet, Opencritic review, [70] 
Helldivers, Opencritic review, [80, 80, 80, 75, 90, 80, 80] 
Hypnospace Outlaw, Opencritic review, [81, 80, 50, 90, 82] 
